"","326792","348374","181016","191687","305760","326977","194648","28186","541301","198941","182054","9753","188518","189396","90487","246752","175537","194661","512309","170124","244304","352304","191306","191541","191547","195493","248140","193632","469991","199487","162651","175617","195102","119010","177918","192132","369502","165261","261912","590083","190597","335530","302160","288710","369164","531978","212619","165734","274244","9715","86468","291090","174012","331820","82283","190307","347862","188900","188236","9808","192127","268332","199421","259569","71543","311477","353985","195926","312461","181892","177772","348863","181095","203788","158660","302025","363302","325608","179460","212503","189099","65355","127309","73352","194211","176115","190464","470973","175137","307981","176808","178146","288134","108747","322235","187360","17859","567197","196731","186029","549871","278234","301645","329096","334393","293221","316732","361809","544358","325969","361480","469709","130663","323253","223059","292134","516022","361496","524245","196080","293896","185451","184983","294710","364563","194745","206906"
"326792",1,0.174503182189103,0.063223787346079,0.310965962293121,-0.286927336145323,0.206802478277127,0.246324350478897,-0.0808529564258871,0.0907453619349736,0.248114162812669,0.30309827402797,-0.126164370049123,0.384061099438494,0.257932141153457,0.194416025642886,-0.20982263869675,0.282669304496603,0.292099916748782,-0.0866079537050786,0.260533522590248,0.0867223371603105,0.321029071300578,0.244377181764002,0.294142258861576,0.59453414151545,0.307027708640918,0.139222744184611,0.312179683463675,-0.0193611813446788,0.244936850804704,0.256323878150524,0.211469590127084,0.0396376788782878,-0.0867045945825291,0.572886599350597,0.131692154948344,0.163961838375818,0.0277850270567422,0.248977822069199,0.165112233580601,0.408681212441165,0.0695871933867153,0.278994655213497,-0.273158550351286,0.44088042022708,-0.277341930781613,0.267399743335372,0.127403345828878,0.0891895326958398,-0.124783735766698,0.19691599615566,0.158149699220961,0.368128719415704,0.19677139703122,0.211889880757957,0.2488558168373,0.159703258527934,0.863212297527092,0.548353379588348,-0.0784665705124177,0.30910939889848,0.229727044979117,0.228688884606722,0.189179355470131,-0.0743323110456002,0.320724451855507,0.14465696272076,0.101655487062518,0.124324974866384,0.140474597097433,0.445940645989774,0.192352841127272,0.100425388668883,0.118900646477352,0.193025255343044,-0.27038205477413,0.297527776851041,0.145325190609415,0.382465682784286,0.382171871842301,0.404686787235887,-0.15291817142277,0.155494677879295,-0.0753683120211663,0.189801579998402,0.450849328517232,0.263975724844556,0.000890471710415458,0.419533722454299,-0.275885668964907,0.199831784007391,0.227498602846956,0.345840381169924,0.098355536651601,0.284196809451744,0.064031973435615,0.132001713059465,0.127991099073917,0.112051370006658,0.030077016588945,0.13712527369188,0.126061133259096,-0.275923370982028,-0.260889307970177,0.116908290087306,0.407517003788703,0.309684574581161,0.086490414780854,0.257952551482696,0.2169968963661,0.19221092446079,0.238318895220144,0.110746633915147,-0.0325932732494442,0.0705641449933734,-0.267899253539814,0.275425522781803,0.0626330406956836,-0.182206946453186,0.190073483775326,0.427322406204393,0.26295094273552,0.229297217966147,0.369962254905987,0.490993696191013,0.236913603196621,0.22539350188908
"348374",0.174503182189103,1,0.0372527677124591,0.097178189099308,-0.237163764870953,-0.0139467362230001,0.138689705270577,-0.0378779837284643,0.0613554855448929,0.059160493860094,0.0945184736292268,-0.0720906027939125,0.079713249241476,0.130745354495346,0.9382387032783,-0.175627175488206,0.171383033871252,0.169956046374824,-0.0458607828356404,0.0973312996956817,0.107734130176578,0.127021402177385,0.133070703056405,0.032721796068238,0.160350529992519,0.160929353112682,0.329138394665186,0.158128897633516,0.160435386281046,0.114360904343949,0.0510604411689548,0.409790320044023,-0.000588399772562713,-0.0724596199046986,0.119615147581752,0.194772413267107,0.049585816361208,0.21787891176545,0.068368838644722,0.161804566410727,0.0826198891847502,0.19669779756085,0.026489555005899,-0.244102048679566,0.103749244707375,-0.238947245661956,0.0238176369768997,0.225707648803861,0.0751450443694875,-0.108432321040724,0.220503082439256,0.219752327918935,0.12184839786057,0.222645857140503,0.0801349768347877,0.133805383258547,0.22802238122622,0.162323323884547,0.154708083435308,-0.134648187429881,0.168938623468747,0.446431600297927,0.029645881311724,0.149031755628062,-0.0533696266879095,0.0796756676903579,0.27249914834733,0.689353396002017,-0.048306262448349,0.0852348381449165,0.125960621513201,0.0782775119705356,0.261591795442525,0.21415537422771,0.314670344956809,-0.214540278943546,0.0445584542035989,-0.0206936389467565,0.122059571190285,0.0774696923280436,0.0570961101184224,-0.197933222653625,0.226989756822025,0.0302196166176035,-0.021930574784447,0.0662946795901938,0.0861737011176701,0.150360903871596,0.191487077863279,-0.255183161355889,0.0531347129553574,0.0191080095171478,0.113815984863218,-0.0359317743440103,0.472839308902778,0.0630939178138057,0.0676772190354308,0.252448264857328,0.0482944922038077,-0.0712220060218974,-0.0184765666891501,0.0239959432898351,-0.250406372223198,-0.196149575449216,0.545233146590491,0.167831370391121,0.0753082482194413,0.0976066367625347,0.0877360137132817,0.143135675052542,0.176917484152752,0.290929166348761,0.274498263550554,0.163192763644516,0.0049543361623569,-0.246917672305324,-0.0166382425731171,0.195710354063797,-0.131596530308291,0.30357179220277,0.165476123053567,0.220533086479393,0.153042243488201,0.160434900640467,0.181759871371162,0.10425536043429,0.251116135197009
"181016",0.063223787346079,0.0372527677124591,1,0.0525614777161499,-0.026705091680363,-0.103308249857865,0.0695594822288325,0.156304411980834,-0.0127163520165965,0.0752355196793407,0.121321630127984,0.0268901204755329,-0.0250435147660213,-0.0114979257335429,0.0529084615444491,-0.00238522793344212,0.112352858466158,0.11587241127051,0.0642989765078964,-0.00610793481803675,0.0672909272112275,-0.00630073893422504,-0.0496894636203341,0.111813514721158,0.0118391177491143,0.0441081610322897,-0.019775886587848,0.213974352226219,-0.102624089440181,-0.0509754397288347,-0.0495469921936351,-0.0236984984792077,0.247257259102537,0.0705305919434354,0.0193845768164056,0.000991349597870161,0.168008982467066,-0.084899557615561,0.115371475225365,-0.080684803280168,-0.0294479287490545,0.162308945673827,0.118862779455651,-0.0599938211793073,0.0129169395746724,-0.0320659180496918,0.101920611733339,-0.0328022725283748,0.0770811779604662,0.0312702334774168,-0.132198352176815,-0.0831362295842587,0.0786862180787754,-0.0896920000750488,-0.0163365760254419,0.0353006594000446,0.0708331858665809,0.0798790940458764,0.0120636404819826,0.019765128292849,0.152841112286553,0.0131755224016246,0.106259048680924,0.0720391140147255,0.0167861436873738,0.0222452130650947,-0.0357465291021312,0.00521020786834211,0.0992602765967549,0.0668367824970157,0.00416042026700089,0.159695307633933,0.101637046357155,0.104566484964223,-0.104157345274281,-0.0113491174991153,-0.107855796986427,-0.0715783311421949,0.00498465205128987,0.00295015813309394,0.120607129484209,0.0261095030362413,0.0538380839592816,0.0796574316210744,0.0841963065838613,0.0507071231945584,0.0996942905873843,0.0372630144348054,-0.0178150715478133,-0.023918754506386,0.185551894369325,0.0910533896912246,0.100562255522701,-0.0618881722157763,0.0338007819573547,0.0474138941533429,0.182153677166841,0.0570547971367132,-0.0171432550043916,-0.0601879907014879,0.0958038340294232,0.0574044506143042,-0.0357105932996084,-0.0950069321552443,0.0150087652103442,0.0997871107421323,0.064196613124604,0.0223961146385065,0.0986062787529443,0.0583918069961535,-0.0180296234768551,0.107359760350457,-0.0473834005867797,0.00132502335714609,0.00883576148374885,-0.0196753156848832,0.0904929890322727,0.0511358357704076,-0.0444930653245617,-0.0666019760588028,0.136782659607618,0.162383438661175,0.0358253848441779,0.0199263205374843,0.0910649299061193,0.0209181123664373,0.0827671243679497
"191687",0.310965962293121,0.097178189099308,0.0525614777161499,1,-0.337927102509666,0.251333423023242,0.435317857291943,-0.0527980463226997,0.0977683574872923,0.334947799631009,0.410318215197629,-0.182348661593243,0.438062452948729,0.560300703855345,0.0926562337579309,-0.27737804559962,0.318881968603264,0.351875241908158,-0.0967365709344643,0.355612972936744,0.103031812618301,0.484070207310874,0.400627493085187,0.391319054432448,0.444053800289423,0.263707800452441,0.160588009942888,0.345735278045017,-0.00999237313917942,0.485078752505363,0.388573866543915,0.195751944503001,0.172722861700319,-0.2434149337379,0.407940298708124,0.198606399434855,0.383411300995486,0.0985464430726283,0.548880554542123,-0.0276677862545857,0.473711086324061,-0.00538091162524576,0.355568334403645,-0.34425483653459,0.321600599108803,-0.334230252327425,0.354984325617336,0.0220725003510658,0.0989376989170801,-0.27368054913761,0.153579682204482,0.112712438185257,0.320995800967394,0.210726622464265,0.27538865734327,0.496536514213066,0.139018408599906,0.279700052078946,0.476736002346742,-0.161398913503189,0.237382243722489,0.192272728996379,0.225331858323928,0.124791929762715,-0.195986919677645,0.440488568988014,0.150839150895176,0.0940544684902108,0.288093712039374,0.259005768161239,0.436492585028412,0.19843274679389,0.0985869094176221,0.140307371905729,0.123313766596593,-0.328482867133466,0.541400132502972,0.206050529542986,0.387782369108755,0.298192222545253,0.262341763980437,-0.305473713835611,0.070934060693693,-0.191410601159582,0.314046612344889,0.41134625166462,0.374731116303582,0.244700039271575,0.478828606665451,-0.337755778683426,0.167884984978451,0.47224230387616,0.594844277880049,0.173059453402579,0.182575689076833,0.145948686221074,0.308073344291387,0.0956626172329285,0.146345423171906,0.362370163433542,0.184885863071875,0.0697206811231231,-0.321231728772581,-0.358190875238258,0.124465021594843,0.282653079173832,0.302842471023189,0.353089172690435,0.42228835705909,0.298416937587377,0.185127697208718,0.203872753261455,0.0358405680368607,0.219785243319334,0.128372977993231,-0.338060536357233,0.349644417744128,0.0192771677614584,-0.317657643019536,0.20287362447836,0.517943796959883,0.220303763300169,0.341990914867597,0.349954715655653,0.486510929229156,0.3672587926364,0.182662279458143
"305760",-0.286927336145323,-0.237163764870953,-0.026705091680363,-0.337927102509666,1,-0.186102884023405,-0.257193506979423,0.0727936785079098,-0.146350507245372,-0.29220283023512,-0.350714757909871,0.258885787941331,-0.34898688614021,-0.351747710787015,-0.231246571479701,0.537316084281837,-0.263867140936308,-0.213279115210756,0.15566518785412,-0.251470942879881,-0.133727791486211,-0.266118643941865,-0.318353007539021,-0.171173106645188,-0.359475556751178,-0.220993893592689,-0.156396115358844,-0.217786683420599,-0.11019895620678,-0.302167723838469,-0.206385303417055,-0.265829285867562,0.000971507991328987,0.233127846531069,-0.319072225657926,-0.0961275272058343,-0.219936880729916,-0.185274226491215,-0.375526481226339,-0.203337294988127,-0.308319752306674,-0.0718926550510633,-0.212281734900596,0.957330677319945,-0.246908148067985,0.925698202192445,-0.115628948061223,-0.101617987505002,-0.0793555854011445,0.475257907203434,-0.287243468836764,-0.155735040884353,-0.333604151228285,-0.271739417036682,-0.220508804678439,-0.240948701606674,-0.0747681904328516,-0.306012604028311,-0.366609173257488,0.131473651233949,-0.157271640013708,-0.269240210057309,-0.218269606469039,-0.10255386888484,0.145831803375427,-0.203289298681512,-0.168486881196883,-0.243009931664848,-0.052752549059945,-0.190028545650668,-0.332100918652081,-0.205724041039607,-0.0484807565347851,-0.176134470725585,-0.237751255097069,0.934167629692384,-0.249444889517307,-0.0451997837831153,-0.327706832348283,-0.295424162190262,-0.20473594175175,0.442085062687495,-0.0970423324973787,0.136610212428506,-0.0716500617111204,-0.219870290110406,-0.309190807458376,-0.154342839324874,-0.368658281237027,0.980190061376427,-0.111601154419032,-0.165665538998869,-0.334310888646058,-0.101132111583517,-0.242303363696159,-0.0296809956848186,-0.0821913533798164,-0.135957915064884,-0.186162672274727,-0.0718477899394977,-0.0561634040216423,-0.0451812097075681,0.972995525253725,0.735523942827752,-0.283629345091722,-0.224042687195941,-0.257824595891931,-0.273872298740809,-0.181149698727307,-0.260422871140097,-0.0959080353587486,-0.182702688055477,-0.0635573552865717,-0.0261491080328942,-0.0801352531509564,0.941422290158383,-0.207488671514,-0.0814825506563044,0.607377737966964,-0.213243242075883,-0.356450488420491,-0.185635859751002,-0.345498784121267,-0.386729280085588,-0.273952792973676,-0.276228540108451,-0.151537184333124
"326977",0.206802478277127,-0.0139467362230001,-0.103308249857865,0.251333423023242,-0.186102884023405,1,0.0967289503600017,-0.0656649411472493,0.0925405736189523,0.221745407856711,0.230544886481413,-0.173964610083094,0.355912133977923,0.161024402446763,-0.0124611513157598,-0.280307047159442,0.144397724048934,0.136601064037117,-0.157112660899979,0.21331720472345,0.00382740438953705,0.195131153427535,0.285072172870608,0.115471241040461,0.260056996059297,0.0305540590496743,0.0696232854525463,0.115406894924633,-0.000252280329786269,0.169219557668402,0.28164115161698,0.125146565159055,0.00447041178984838,-0.231981822679675,0.292686639345129,0.180438780452892,0.139625486211709,0.021920004416788,0.180879908314136,-0.0312367966921894,0.368738008943753,-0.0631935568566156,0.155862424276363,-0.192777996147867,0.220275852642764,-0.188644816180757,0.1283529711573,0.0541681847007329,0.0207391702970863,-0.243125353156088,0.0420422060568978,-0.00404782494218613,0.184062680314497,0.0732509819800771,0.146532826431374,0.379431129458127,0.043675454055816,0.229850488446464,0.260664130818138,-0.186872479395186,-0.0536415427616534,0.120427810685062,0.0882456844717333,0.0256061724370996,-0.164788601562125,0.265992171069601,0.042701154957667,0.0569431848965127,0.224680895338123,0.0196515320792869,0.341132374303804,-0.0580621349707197,0.0289998765447867,0.0389909740169644,0.109739791660727,-0.178135025509136,0.32681335501674,0.277771711296568,0.112575229324444,0.16545076564297,0.133003400327991,-0.206943217763584,-0.0887625677299778,-0.183297658162929,0.0884326114690191,0.187250216367012,0.255468209482601,-0.0745210633384056,0.356408869138579,-0.190740794480826,-0.0131707455822526,0.203065280350696,0.257513439725552,0.193658322119455,0.113253595428413,-0.100704565736527,0.134101935400908,0.0182273775642878,0.177983467932042,0.250937234586926,0.0350016441310418,-0.0555375924136817,-0.198882982915663,-0.256236314624328,0.0408360346469869,0.0634756024244989,0.0921158718693905,0.107044430487185,0.154977123648474,0.221867700756384,0.122541675762379,0.118835849425577,0.0503307975385523,0.0373408397059092,0.131668950341435,-0.225197114164411,0.167579083688858,0.0202324088515262,-0.221791749710758,0.0926091110855838,0.140072829680654,0.114237920425816,0.239851987249885,0.129046041901151,0.261414598497965,0.246619031586964,0.0522759603168874
"194648",0.246324350478897,0.138689705270577,0.0695594822288325,0.435317857291943,-0.257193506979423,0.0967289503600017,1,-0.00688696270883104,0.239985006287803,0.315221813533217,0.418393145785812,-0.220091218730989,0.294605009027658,0.43106286177979,0.104154178191484,-0.211876858762814,0.278495014067276,0.286171800678983,-0.0739517334860134,0.30509774397688,0.084028073977725,0.267629576279693,0.393661451020771,0.355930400701833,0.347167629050857,0.310927218501427,0.20230642238267,0.274611756187928,0.104732388122469,0.406466100123382,0.369409375625293,0.191161459485725,0.0933710207450717,-0.187229707176061,0.309367605762201,0.166431660237481,0.244266655911926,0.221723761316363,0.487539752302295,0.132827761009352,0.300715824118276,0.0657059741838155,0.214855443964623,-0.229408909805487,0.251864364188744,-0.23583556690768,0.330286566523311,0.202240444312126,0.0854291127834282,-0.246580534730313,0.167143255670132,0.115925658420398,0.356466978777835,0.143784863978446,0.166093186405491,0.387886403966304,0.0885921131405552,0.220897401809156,0.3917042264673,-0.158324406306845,0.31287942077257,0.189125560742139,0.254235912291146,0.140515494593465,-0.133672545764517,0.314480547814816,0.120630209799364,0.0687435156914014,0.157947788312795,0.341360542200354,0.382100030816175,0.171791410797395,0.121665681998785,0.158730949704767,0.060417727006688,-0.226300479518355,0.424472465587538,0.0545946384276482,0.291736258606858,0.264403652324106,0.260439073486878,-0.275037711309821,0.172234483195092,-0.176592549680665,0.21588696655014,0.316018052751127,0.367957662588516,0.269973804619151,0.360073962227405,-0.256457650624412,0.266162353670758,0.426853733783104,0.439941594133761,0.192741729646804,0.182009546627113,0.2750132948122,0.241217509180944,0.0160451695977064,0.300903999569675,0.260035237783175,0.108845141364511,-0.000602261056730367,-0.263689087168544,-0.305408975170951,0.0677618870245061,0.281127281102208,0.358448915995743,0.279777510067759,0.27455893648406,0.301598939739576,0.213126692557205,0.155618811157456,0.0813445639636754,0.283204725963243,0.17314622467768,-0.232721323199408,0.288040058800292,0.0219485456742737,-0.242850146089607,0.189214762619761,0.347154088709571,0.0816467319964208,0.461243510409249,0.315800409727667,0.307486493278371,0.453731073843793,0.290164069026368
"28186",-0.0808529564258871,-0.0378779837284643,0.156304411980834,-0.0527980463226997,0.0727936785079098,-0.0656649411472493,-0.00688696270883104,1,-0.0907600202327456,-0.0549476024738368,-0.037241766984897,0.147220446422591,-0.119372854467148,-0.036255810935059,-0.0632751846935038,0.122412122423308,-0.0215380819812611,-0.103906360051424,0.227037006260112,-0.0400616938228023,-0.0469630149449738,-0.106785221946513,-0.138310713905471,-0.0771963884430433,-0.0136145006004157,0.0403312985169323,-0.0379337477215613,-0.112303671826589,0.0256186868280889,-0.0392380157881188,-0.0884766863265223,-0.110339306740362,0.0378600144391777,0.239576180539817,0.0105828203377762,-0.142429100348575,-0.0498527541291578,-0.00401296990921618,0.0181106211194021,0.0951291341216677,-0.110114996121963,-0.0785441193441554,-0.122120851303718,0.071713810161012,-0.118257033183849,0.0850265334209427,-0.0788818785497852,-0.0659820490309506,-0.168961098811238,0.159438568241063,-0.109589002069555,-0.217447283127934,-0.18501739569478,-0.128479073814391,-0.0125524163067995,-0.0994854313542591,-0.149096090374562,-0.046879382133107,-0.0315794728603485,0.176296266896988,-0.0412997694299229,-0.0748229951703914,0.0465344728594144,-0.152219835681561,0.200809628040856,-0.0908288992582692,-0.139905945907849,-0.032787755445341,0.00800859739664214,-0.0388050560352277,-0.122775749293176,0.00889289924693576,-0.0709310036468385,0.0590058961874007,-0.0916327368706447,0.105619708878984,-0.14507690146092,-0.0671606319708945,-0.13087677877461,-0.152842805680071,-0.112869599974741,0.196620079947859,0.0431541247954083,0.0266653601885061,-0.0447954219721187,-0.0576562960799783,-0.0751400700029089,-0.0427513785620234,-0.0976113623205325,0.0988915567553213,-0.0134502947302199,-0.00857310553964797,-0.0679932793405092,0.0976632863728932,-0.104901871892921,-0.0112740249177508,-0.0397399494518005,-0.0215441371410017,-0.115714422003322,-0.0240634752103235,-0.0237939542475598,-0.0343603220474249,0.116686568396368,0.0781636618909073,-0.0939912480175598,-0.133787336064904,-0.00878844112152695,-0.0899121978605932,-0.155784018721648,-0.0890814362465513,-0.0301373991438906,-0.0586152313101557,-0.0855254885877915,0.0106908862037928,-0.0329197039952427,0.118538934013727,-0.0393249778358684,0.035728704232974,0.166701891065001,-0.084265535452703,-0.0390707923335727,-0.115878581342102,-0.108320794844253,-0.0630051621423953,-0.0345782570050115,-0.164023774390407,0.0605990548843554
"541301",0.0907453619349736,0.0613554855448929,-0.0127163520165965,0.0977683574872923,-0.146350507245372,0.0925405736189523,0.239985006287803,-0.0907600202327456,1,0.0235591828851168,0.104582925820135,-0.123917247544206,0.0790948062946251,0.128414939093674,0.0469765745931436,-0.157782304087171,0.0178331515992227,0.0746348541703755,-0.0562159181430759,0.120907474383407,0.122765576114573,0.0359080970413026,0.0835307845026976,0.0791666822373314,0.195410198010734,0.157318715357545,0.275920513127239,-0.00533542346055149,0.0499967446958172,0.0853602946358629,0.0781191094311743,0.191503355336419,0.0354933941948192,-0.0966316399870422,0.103374106293606,0.231775323054062,0.0553784539299435,0.0748065202651657,0.113356316879531,0.143484114432823,0.0739415690108628,0.116654550278841,0.0839088757938157,-0.140731290736583,0.0497434242765338,-0.146345044572656,0.121765053246833,0.164231799072541,0.149219250360332,-0.115741224424669,0.179053586452667,0.274281209470955,0.119608334735024,0.191758185322871,0.0928144489137206,0.0874576311707539,0.201191077333683,0.068592437472466,0.165444452567242,-0.0711455401977294,0.0577212588270678,0.177393339372609,0.0772781555224638,0.156727777103171,-0.0830644868209242,-0.0353323168418743,0.245617195269277,0.0350887897830327,0.0130306978893477,0.185597220019867,0.0879207333535006,0.0158325744930372,0.122171548341303,0.0677363491311053,0.107782679069483,-0.136588818378187,0.0851728998291276,-0.0940785316047937,0.0414353214617501,0.0956791436076302,0.047035311351829,-0.133126122090618,0.0633774940812728,-0.0319994399887198,0.0948222314422968,0.0961335961806643,0.0884225031188028,0.111196519390353,0.0768951141970961,-0.148516179607103,-0.00438288677920643,0.060190467938298,0.13318112427709,0.141596749251653,0.136667660600742,0.128198204768928,0.115502995623037,0.129702032778313,0.17920295498636,0.145506371671292,0.0732266815644804,0.102910518955417,-0.140449188122588,-0.168600306611776,0.226644237997847,0.0337626866777795,0.128525540100365,0.116149970705076,0.0363451672406212,0.0540062356187046,0.105783831173116,0.0688065889490491,-0.048048694595183,0.102913045316598,0.0951144304060909,-0.1384462044256,0.147800396990742,0.165472138091588,-0.155505718953444,0.242486603329006,0.119663278094342,0.12674683482926,0.214466448269729,0.018420340377501,0.00937502055735608,0.17704675163771,0.0746380300151936
"198941",0.248114162812669,0.059160493860094,0.0752355196793407,0.334947799631009,-0.29220283023512,0.221745407856711,0.315221813533217,-0.0549476024738368,0.0235591828851168,1,0.29106523514842,-0.0910669846357363,0.38782799758612,0.365788470015893,0.0425064935871996,-0.186406578359245,0.245579274278743,0.213993994745055,-0.0747840908490236,0.417480085505746,0.0890542292161515,0.381317656542845,0.384082066907212,0.320049342076026,0.346391397563591,0.211290434732168,0.064093134842428,0.29051572140079,-0.0392529986286807,0.344435271920341,0.31635071155847,0.15944979514891,0.0422248964712211,-0.0867988910904202,0.360602554136724,0.129767533408594,0.219108552604183,0.0273885888975228,0.352942604700972,0.123933283404753,0.412809063160896,0.0510493255263209,0.309584547284572,-0.278548340301455,0.271452524669632,-0.299772568101962,0.266153914976518,0.075437778377492,0.135465989988938,-0.217868519365688,0.19660534619267,0.146773510964819,0.341254294172116,0.230347595206707,0.18737327334243,0.269107069530993,0.198907956154975,0.290773883249668,0.396284142030479,-0.109913633024649,0.234132179430751,0.177662980654452,0.168945802219189,0.182619221919129,-0.124843776015526,0.351111653766134,0.13397698185412,0.0885963900149565,0.0914957850916793,0.181246851210016,0.410779489233443,0.258453562657562,0.0914534726397243,0.0427515658367352,0.119292447247077,-0.27014935421231,0.365522719044162,0.0813245941666465,0.302442923458697,0.325107653210275,0.267182971144655,-0.245339195397531,0.155832073621399,-0.0688773231015837,0.249527199266399,0.367320261176536,0.253701660273348,0.147699889932784,0.389775502729137,-0.300122568221104,0.072237655369924,0.220071184359797,0.332956341915485,0.153969111112579,0.173351945662884,0.11944592629347,0.130206895475446,0.0125353359021683,0.0986617777987274,0.188482135521892,0.0801590036305917,-0.0216712309168442,-0.296755716259167,-0.262524843884207,0.0776779032438026,0.184523606585779,0.158705173500924,0.232639765665909,0.243659188569859,0.244382030015765,0.146598324255534,0.192188381700159,-0.0218841934833769,0.0252454948548096,0.129053593403706,-0.290854478200827,0.188790330661957,0.194105993891188,-0.221469759115751,0.0851090910446377,0.380920258533151,0.23184120072127,0.306652005489041,0.294023665320073,0.416894621286951,0.281242388240007,0.214581581537342
"182054",0.30309827402797,0.0945184736292268,0.121321630127984,0.410318215197629,-0.350714757909871,0.230544886481413,0.418393145785812,-0.037241766984897,0.104582925820135,0.29106523514842,1,-0.24959506066191,0.343601222777974,0.390628611696626,0.108445195663885,-0.315648413191829,0.33415802857239,0.301691288900725,-0.16923915446795,0.240156255580748,0.0168999745530282,0.367137731832792,0.400315448624871,0.2232860592305,0.397853261923505,0.25192573837719,0.0721586150147079,0.235807095462505,0.106278678063898,0.411686352710755,0.405614831859815,0.0866807159831557,0.0662558095663799,-0.281696369320103,0.324601855572979,0.0847382422216098,0.31252743958938,0.157882081503495,0.426445178389766,0.0799306770023262,0.378549073895942,-0.0164372533808208,0.182355697137656,-0.331365243616896,0.279581647937525,-0.339285056191528,0.262333980399363,0.114381214368025,-0.0191114869636314,-0.349954492803671,0.100715104461865,0.0361636887347146,0.340041790972939,0.0987617734553263,0.223171045879095,0.447665221444418,-0.0169025339669309,0.284478129976255,0.378937849278713,-0.244383829826697,0.273262804029702,0.117540037262779,0.2591918981165,0.142138762346951,-0.237227650463227,0.285040923944863,0.0860683966717515,0.0391655506438474,0.21027048245306,0.211588602139445,0.379079720584392,0.180431200384399,0.0337516167295479,0.158038788407613,0.105299172945362,-0.302260671645249,0.442440340998291,0.092725005902815,0.312561872417078,0.222896479768948,0.265088361718953,-0.325633752514333,0.0396359927158266,-0.0960326710977853,0.190034225736512,0.258427803179376,0.716481751330393,0.127218384451353,0.398973078101058,-0.346817335210888,0.234902517437461,0.42264223930685,0.471959237748568,0.208030518399179,0.136493492500309,0.110077020698779,0.276893552460993,0.0268537786061783,0.258355106055224,0.0878445297783201,0.0775729186710106,0.0792351205502256,-0.340203161210833,-0.384109927085019,0.125916591438808,0.269520329649896,0.290442736788134,0.289579765848451,0.172429856894061,0.584034534481629,0.0828420952163686,0.146546491141874,0.111453684119661,0.109785566618241,0.136117088249019,-0.344024579882432,0.393482244281133,0.0564519300130966,-0.309941500748282,0.124976565093145,0.376835656568511,0.0523108858648979,0.414493508262388,0.316251732850938,0.340567600165276,0.379415577754914,0.214411966763761
"9753",-0.126164370049123,-0.0720906027939125,0.0268901204755329,-0.182348661593243,0.258885787941331,-0.173964610083094,-0.220091218730989,0.147220446422591,-0.123917247544206,-0.0910669846357363,-0.24959506066191,1,-0.14967844920059,-0.234598457887054,-0.0312425706745481,0.51321484258583,-0.181558107551753,-0.205448346377149,0.506121825898143,-0.139759133626417,-0.0113285853155704,-0.191435142056152,-0.270836636548648,-0.106633668538126,-0.153651878343378,-0.181034961150883,-0.162781884526835,-0.130558377554975,-0.133753805587965,-0.271655011736073,-0.131535558278631,-0.20277746157372,-0.0403786392663574,0.6317093039767,-0.132761022363786,-0.237482187961133,-0.197747980070249,-0.190870239577836,-0.171647063941041,-0.0925869324252379,-0.141911363685292,-0.0679398274679859,-0.157964685544762,0.2383046276098,-0.192562346191916,0.225052495603257,-0.113494246931155,-0.201276450654473,-0.116544811493785,0.553314963107619,-0.112230351604713,-0.125880559745032,-0.184114004941882,-0.170935261420238,-0.177682082792557,-0.182448411768179,-0.116064362616049,-0.0972312996638393,-0.168760482923217,0.558615901891244,-0.193482258610964,-0.160848806478386,-0.0822993316850172,-0.0830952073224651,0.626747352464853,-0.0606475290833785,-0.0711163632378185,-0.0606386604538574,-0.0605968016429666,-0.215869765568292,-0.243403128801597,-0.0944646016218631,-0.0213680297218339,-0.171475902261439,-0.192277108423265,0.259937313048666,-0.209640364205487,-0.0610451820058558,-0.260949780530595,-0.168865700604581,-0.0934104491406391,0.645251052599747,0.0117144090620375,0.238432888322073,-0.139242101703134,-0.0691648695554925,-0.238444845207856,-0.175860033661457,-0.242724056086543,0.271780749377601,-0.198915221842029,-0.170027214202306,-0.215034191097879,-0.0262175858213693,-0.199827122513299,-0.0773493691438214,-0.105661088213441,-0.119906741350005,-0.0638460232813203,-0.0851256132887483,0.020219381461823,0.0229585143254061,0.288146604353144,0.458566002338821,-0.117063364787827,-0.275985793797534,-0.133410350055611,-0.235297184324863,-0.143771285957717,-0.22520405701737,-0.0854375926869353,-0.0970833142409924,-0.0662830185504268,-0.101910067666134,-0.11031308408719,0.251826464648886,-0.142839592411596,-0.0680119051548759,0.598997393582297,-0.193068587907216,-0.165073392469222,-0.14694868473549,-0.196005566934788,-0.213065794812765,-0.14752044189167,-0.217646079839978,-0.118329082653205
"188518",0.384061099438494,0.079713249241476,-0.0250435147660213,0.438062452948729,-0.34898688614021,0.355912133977923,0.294605009027658,-0.119372854467148,0.0790948062946251,0.38782799758612,0.343601222777974,-0.14967844920059,1,0.355218194830128,0.0675605189870497,-0.305416374555478,0.26054304962291,0.27286937515461,-0.178735390328281,0.344371322712746,0.118228794293553,0.454730399098921,0.507558395325957,0.278610236757466,0.422137019863457,0.108344465593102,0.1309195504492,0.277320008163672,-0.00736473759360753,0.361792107822418,0.342399573559071,0.223599254777745,0.0254871101072443,-0.171862207212924,0.432262349636578,0.156933900713929,0.221066717739099,0.0407201557834233,0.323675771354449,0.0787872817371857,0.905663575656986,0.0583611059746762,0.31207236824129,-0.339908969847082,0.489191321261773,-0.328842066976469,0.266552202112806,0.0398310962648942,0.13717099457389,-0.297690957005612,0.184827979781638,0.110103284168742,0.416593312690293,0.200085083072567,0.312014305248311,0.320563324343637,0.0926128548852053,0.348727279164046,0.446450212343488,-0.168047273794369,0.18423033602312,0.21660449702278,0.181123877059473,0.120310705246182,-0.0943115055219343,0.418592397001805,0.157388068273516,0.0995724186002292,0.26743644243174,0.0888153892372045,0.775282171551251,0.190746947089394,0.108626216385333,0.054838774174947,0.220731335782018,-0.316633784178718,0.399511998158826,0.218516878396589,0.367840765935396,0.431558756252829,0.364436028725443,-0.296929501240727,0.127804212375514,-0.182983987845636,0.215570945358925,0.378171520404153,0.315894665898015,0.0816271476898512,0.78744892379087,-0.362016004478013,0.0179560667848843,0.250502502821589,0.40170796250331,0.152669883342281,0.223773718695803,-0.0112292281119908,0.230718258356118,0.133165545267778,0.18011343090028,0.194331739966143,0.100101039673112,0.0789535378774039,-0.345527529866381,-0.367091385940573,0.144877690456641,0.315234685603649,0.24129386612941,0.238059446008127,0.270889864845961,0.249091270651453,0.243701543512212,0.21793696187997,0.0517756710754193,0.086886735424636,0.21044710109193,-0.350457517959868,0.250170274489917,0.0576783015360928,-0.285823636278784,0.195673143599757,0.381056250410694,0.207487878984569,0.337397449066282,0.324248683640314,0.472797195732781,0.334519843577235,0.187419533009885
"189396",0.257932141153457,0.130745354495346,-0.0114979257335429,0.560300703855345,-0.351747710787015,0.161024402446763,0.43106286177979,-0.036255810935059,0.128414939093674,0.365788470015893,0.390628611696626,-0.234598457887054,0.355218194830128,1,0.111755922189085,-0.31831288681017,0.370080416526975,0.265183026546798,-0.1755268932731,0.306961344916663,0.0838136008423693,0.402539713974593,0.397535667175397,0.357870482527073,0.437886165359793,0.241382929701639,0.186229375058547,0.344519220670457,-0.00282257398738794,0.447675445753379,0.346246770832613,0.211175655757514,0.12012279722943,-0.281328271135654,0.401720817289573,0.131400116558833,0.397880879042231,0.0881356982270965,0.465543219904151,0.0722807527087788,0.386627229578934,0.100333305337862,0.369588391755705,-0.340599789682795,0.244011348406688,-0.359903323199838,0.358289076529137,0.0553829468111519,0.166004833956806,-0.326887739214831,0.202500442284224,0.0658169585335314,0.344412080043334,0.246178046209557,0.2536632920065,0.359044419922139,0.159822997185227,0.201110596197449,0.438845218518484,-0.225722648016848,0.23303956924241,0.233680866737742,0.22105125420127,0.0887892022569671,-0.249777645853029,0.41750618541564,0.18802969349298,0.0591604795328918,0.22329193968402,0.216666284878554,0.408633538505841,0.182856780172937,0.143119099653472,0.129781915714746,0.129544026367118,-0.344517269057101,0.451140105836685,0.161192446986923,0.423292829268406,0.298328339012941,0.212646012184044,-0.370920749798624,0.12762531312599,-0.186311785093147,0.235386278599285,0.373595775791155,0.345207102001839,0.233458809043288,0.387256690677188,-0.349281549627878,0.160551236102489,0.431136387555511,0.492714826907967,0.208103085346574,0.229041308199883,0.132576663685398,0.256805329414047,0.146816816431815,0.139109207473575,0.367310985992958,0.0425480121931782,-0.00153641093786028,-0.349797725858177,-0.372166329251136,0.0933345891639352,0.239345979362791,0.230941304808315,0.365458617160248,0.311469348855206,0.258940860563346,0.07547695014178,0.199074381228432,-0.000501193301182728,0.106044621764878,0.129154481349254,-0.348400905215699,0.36529558861238,0.0493714079664139,-0.321489322740139,0.223162582539044,0.472434914377419,0.211164779075665,0.372257198540443,0.348423862515508,0.466905344008556,0.312958571540122,0.191152771031442
"90487",0.194416025642886,0.9382387032783,0.0529084615444491,0.0926562337579309,-0.231246571479701,-0.0124611513157598,0.104154178191484,-0.0632751846935038,0.0469765745931436,0.0425064935871996,0.108445195663885,-0.0312425706745481,0.0675605189870497,0.111755922189085,1,-0.166326756893462,0.126062698955318,0.138919334572186,-0.0440221963033553,0.113558077622309,0.0572141241250568,0.147627927297855,0.107690762319628,0.0116883579193527,0.154443027943585,0.169500602669335,0.25049339744059,0.144501654199319,0.154782005002674,0.0956864493564211,0.0591098399878999,0.324405426475867,0.00872460152231191,-0.0548263504090794,0.0963818620610029,0.144977634270625,0.0475272884309133,0.197357941123259,0.0878192289377372,0.127891713904024,0.0798852953339708,0.181281112183711,-0.000615127369079862,-0.229447559290324,0.0957476431393109,-0.230352953939021,0.0078161382790542,0.196575703257045,0.0632844348093659,-0.0958377178880719,0.21022631359198,0.227081790541332,0.137271588298409,0.214181350936452,0.0971971691621737,0.132225258095177,0.218240872422576,0.183329195074646,0.145147972280392,-0.109095916208274,0.157010543784432,0.436860850978681,0.0560642177070837,0.125274134062603,-0.0487770382588917,0.0632550712725249,0.287232824790917,0.707537912083295,-0.0596423344521604,0.0759530820392404,0.0956211776265184,0.0591098587505967,0.242146229210211,0.205325911031192,0.314020057368298,-0.205705659593079,0.042833168323277,0.0155647424499454,0.149570436157722,0.101094076182937,0.0359995369001651,-0.18460474374348,0.217610206924301,0.0598844866775689,-0.0383171401979751,0.0543423939494976,0.110450792227484,0.108360400722289,0.158797778221659,-0.251953202785247,0.0376535931674749,0.0129130673629587,0.104387256494375,-0.0223100962285342,0.403959031512758,0.0711672841483354,0.0571670341146065,0.19819880283068,0.062101955156032,-0.0905680079142935,-0.0148516327984427,0.0657056755129399,-0.244183618915652,-0.191492599863673,0.541612883297905,0.153878805957689,0.0895842699853103,0.0701833772925417,0.0821732202360353,0.141868182935181,0.206192990168396,0.285161722108275,0.347626910140103,0.165452085390056,-0.0292835335665139,-0.249483351063607,-0.000832846166429649,0.165521122353242,-0.106455030966034,0.222910101182992,0.193366980962162,0.19794123578017,0.14326662209087,0.154639592083564,0.155941309005266,0.116883125663499,0.243994659090706
"246752",-0.20982263869675,-0.175627175488206,-0.00238522793344212,-0.27737804559962,0.537316084281837,-0.280307047159442,-0.211876858762814,0.122412122423308,-0.157782304087171,-0.186406578359245,-0.315648413191829,0.51321484258583,-0.305416374555478,-0.31831288681017,-0.166326756893462,1,-0.220551906888583,-0.261518366787631,0.476270498557057,-0.259882725780014,-0.0925427394897626,-0.254845530362835,-0.32627013967825,-0.175722501555282,-0.220315879338249,-0.187159465822405,-0.218243099705565,-0.110459838899575,-0.206279418039623,-0.288494746436609,-0.207279699163639,-0.247843998060141,-0.0525257994799314,0.475454178226672,-0.209073905215898,-0.211055015257295,-0.235979031535484,-0.196650323868059,-0.333397949874732,-0.0802751227869845,-0.316812691825297,-0.0836327402098323,-0.126244499896194,0.507094054572489,-0.269708692903169,0.52067714704492,-0.148097975548986,-0.220087041021423,-0.151160762326132,0.531947645577152,-0.192283895142329,-0.160626524332865,-0.185214016219122,-0.229136233282036,-0.164524885371941,-0.251135390499757,-0.0969235991807009,-0.189330186339924,-0.234545868635057,0.456195939972782,-0.150323318194128,-0.271537381323053,-0.118025230903069,-0.126840299804536,0.458806123783014,-0.177879754193752,-0.19545022738582,-0.185980117100844,-0.0667579544901715,-0.192193971863959,-0.358942274488435,-0.0919902036862291,-0.0914742452833914,-0.227952542297344,-0.261408928897203,0.487880735405733,-0.278815532727985,-0.146618345176418,-0.20712126405945,-0.190150533384979,-0.200669136162441,0.592293935043885,0.0100311603420537,0.285313905637411,-0.100384843581322,-0.142631344266322,-0.324257863121634,-0.222897802401333,-0.377354233404834,0.534497275095566,-0.131357642112896,-0.185969792032134,-0.286078764396722,-0.113377619460674,-0.21957828800049,0.0302081134863885,-0.150135011170066,-0.127659468456542,-0.10784243539228,-0.167186562517825,0.0300032087063766,0.0487193437425626,0.520519000282497,0.615292333740811,-0.240144213305155,-0.294283361104339,-0.158802154850738,-0.241067729714444,-0.152328242140021,-0.271794185787175,-0.0863368506474664,-0.239361508163179,-0.00570224996027637,-0.145107221443955,-0.107643462123747,0.512959319056832,-0.135261249950372,-0.102552503421444,0.650368899273787,-0.210017318121947,-0.260705694842785,-0.204071768611555,-0.296532211915057,-0.221808540275535,-0.194710953788948,-0.266205501046764,-0.14804626340667
