"","326792","348374","181016","191687","305760","326977","194648","28186","541301","198941","182054","9753","188518","189396","90487","246752","175537","194661","512309","170124","244304","352304","191306","191541","191547","195493","248140","193632","469991","199487","162651","175617","195102","119010","177918","192132","369502","165261","261912","590083","190597","335530","302160","288710","369164","531978","212619","165734","274244","9715","86468","291090","174012","331820","82283","190307","347862","188900","188236","9808","192127","268332","199421","259569","71543","311477","353985","195926","312461","181892","177772","348863","181095","203788","158660","302025","363302","325608","179460","212503","189099","65355","127309","73352","194211","176115","190464","470973","175137","307981","176808","178146","288134","108747","322235","187360","17859","567197","196731","186029","549871","278234","301645","329096","334393","293221","316732","361809","544358","325969","361480","469709","130663","323253","223059","292134","516022","361496","524245","196080","293896","185451","184983","294710","364563","194745","206906"
"326792",1,0.21485539767779,0.0170186144400866,0.249466880608447,-0.272328415395843,0.0339169854949779,0.137156340975832,-0.0826346667301566,0.0428888968598293,0.127302739271963,0.173124021471039,-0.0667532480966123,0.161609601508142,0.160773803631167,0.256657406370496,-0.133613717064008,0.141529182809924,0.235005093056901,0.0116502558810843,0.0732837445462779,0.106757643778939,0.181764880893583,0.214850526860227,0.149489940607306,0.398327648124565,0.124553685168472,0.0887464449864615,0.0953715999432197,0.0893913764739039,0.232946590157745,0.199647127752061,0.217694447759596,-0.03655008053774,-0.017579962214247,0.349395873635654,0.162259152601997,0.116649913498159,0.08426740478296,0.168951999622466,0.0421481871761823,0.231959496616878,-0.000540588088498941,0.0188703991539891,-0.253440901645454,0.174850703207981,-0.198900969437318,0.173206007516645,0.0967101446334783,-0.100297642724482,-0.0405169828335497,0.240369985456656,0.0644895893059771,0.247220590658446,0.261571842760382,0.0898822063089549,0.160782752367282,0.0734086369744391,0.676088231660804,0.353499719023087,-0.0205343971114256,0.211320693064835,0.226970739919896,0.0990299282537206,0.0943444630798641,-0.0311765853935861,0.314790924013584,0.182630917847102,0.104620091219508,0.0887056992297628,-0.0124219987685129,0.282508136920151,0.0447966728230572,0.120104514515016,0.169080980844063,0.235424784473734,-0.22419583999127,0.206151103274632,0.0966043813016039,0.262407140396743,0.105034491450355,0.0899892805872862,-0.0419509484242216,0.0496695836938775,0.0480149782970719,0.0886606342549935,0.205277987246672,0.124331114804687,0.0355509380017915,0.194674482933584,-0.28102617519298,0.0759012387166425,0.181377352222725,0.25541035219185,0.01241226807125,0.319138778995842,0.0699098533464761,0.118043214633887,0.0675805287984158,0.115171151916381,-0.112423189520297,-0.0254807207268303,0.0228009211574842,-0.276565122991305,-0.158310906906729,0.122989021543038,0.113732888870755,0.121385001612704,0.0173819559457575,0.171735681734283,0.134982602164512,0.0354626345572921,0.16920890512462,0.114110637106227,-0.0247604151747797,-0.0624439951078525,-0.257070747185846,0.215174120444896,0.0226485772560072,-0.118547968379331,0.084392939115754,0.271514143525695,0.072026137033341,0.135664050070963,0.158985901900642,0.251307295656677,0.20807306774939,0.203582205180039
"348374",0.21485539767779,1,-0.13373354187865,0.0657739123551141,-0.24020745707169,-0.0664573009885381,0.156509079481838,-0.0568247207784225,0.00564120269429585,0.0288023734025446,0.0592588103114062,-0.0164767108666022,0.133001074098721,0.103145988371951,0.891911410084629,-0.0758997193800741,0.109357810117333,0.0334945084376827,-0.0205614595815456,0.0994975980633071,0.0742968869043097,0.126540151607737,0.0812453357626279,0.0271556490999612,0.170932846082551,0.0580813953371751,0.198660771471523,0.0842217743678027,0.155125189888992,0.174702953645218,0.157319917782878,0.247710298039481,-0.128051527168094,-0.096690829727767,0.0979536124875676,0.145482013051991,0.0339103610853137,0.156311907329931,0.106696426997556,-0.077874744127079,0.135534740004079,0.108656056425505,-0.0636180563515986,-0.21036011944622,0.0460804749140688,-0.148488969212048,-0.0245241094228595,0.194596899196949,-0.126952844336405,-0.0315049844960158,0.244420735407868,0.04727672617835,0.0856647101641245,0.291834701819707,0.0178478032893519,0.128599794066878,0.2367733051334,0.189151519957723,0.165030525303102,-0.0489281365599096,0.0522808094827658,0.376202137658681,0.0867624366895435,0.131460352332409,-0.0547128574969082,0.14730364244501,0.203853036400962,0.520816428175554,-0.0248622280427121,0.129500696896869,0.165829397628625,0.0138727183659658,0.234446244169839,0.204050080926488,0.314889408731464,-0.141808199136676,0.120065400284702,0.0648274224358038,0.0955337920610192,0.0103503680627935,-0.0393485252753794,-0.147726626566694,-0.0120301220915279,-0.0584540293255184,-0.0369412101819156,-0.00639892279474836,0.0770425875766271,0.144946881260628,0.248678971298824,-0.248236802607174,-0.00306732409258678,0.079158978314008,0.132880906862621,-0.00543341825253224,0.310620093963139,-0.0670945844123873,-0.0212305807024725,0.182316591868711,0.0405407317186442,-0.076066757504131,-0.0453352596540942,-0.0128635522787976,-0.273847225657258,-0.070838241142481,0.431978993441238,0.0891954862918645,0.0388281869927721,0.0264713954117084,0.0334577517154904,0.121110919391049,-0.000723109519242609,0.200673707152067,0.00631385387669188,0.15485736126656,-0.0643506421084059,-0.157493232213982,0.0470334256797595,-0.0454757630935137,-0.0585451121820634,0.209649111378383,0.166131803850175,0.17640950086641,0.10933087409856,0.0746300060518581,0.137738634998163,0.128065638911121,0.187109073353167
"181016",0.0170186144400866,-0.13373354187865,1,0.0678714425203401,0.0180579379842894,0.0214230675279197,-0.0695610708801815,0.116931981672235,-0.0646621661568314,0.0445078032396237,0.0372478382160673,0.0466191078609087,0.0832123542392034,0.0541508830392863,-0.0778877672840187,-0.0840051920083898,0.171143727788465,0.127697264382439,0.00254867008488607,-0.090937568361797,-0.00295152638447992,-0.0841349233773904,0.0673550941614255,0.151490141904422,-0.0365701929480202,-0.0113124872053094,-0.106587586962589,0.180114383902028,-0.0592918717735336,0.0469530281261307,-0.0679066206985999,-0.0870848807279052,0.196991153647641,0.199536663093477,0.053341009605776,-0.017791404957913,0.103349035091661,-0.0918736711578854,0.124983998173414,0.00578391481749805,0.0269202205757103,0.109507609272669,0.149884584083056,0.0104075809156248,0.0550960687837721,-0.0665644517625864,0.150072956580157,-0.0524260799759229,0.0985723182919048,0.18275902859045,-0.14926479282619,-0.0742423138419511,-0.063062813372575,-0.151997784900341,0.0474883111765523,0.0574757103240229,-0.0406646714091606,-0.0137367057160615,-0.0241500270763682,0.0459692013066391,0.0277680201422957,-0.0515778147266196,0.0640126028777625,-0.0675843363843803,0.142214817647484,0.0903552302348177,-0.0943832806714212,0.00453640246511354,0.0621644321351524,-0.00770672675743751,-0.0121068461713453,0.0786429636005194,-0.0311187396126893,0.0267034111407706,-0.100382442547114,-0.0276961509694945,-0.0947205354418906,-0.0522780401692046,0.0123749733113726,0.0216770199409936,0.130526689650787,0.0753618188505462,0.0897072338618616,0.183930100764195,0.0559154470685934,0.0967568704226822,-0.0073966884890121,0.0168994430559957,0.00947200523309618,0.0141650125432013,0.121510895064793,0.12120928366577,-0.028528052706721,0.0297872732173649,-0.0532791559436371,-0.028588130012732,0.148525762745196,-0.026964932717792,-0.00792685090351475,-0.0450978198569359,0.0655484036020516,0.0876588926894978,0.0573980929548981,-0.0421151771309212,-0.180123313731766,0.0623876866798575,0.0531021866092379,0.100170084998201,0.0621911418028022,0.00787462335974311,-0.00728609958575669,0.0229926889229586,0.0842004126808658,-0.0830500796790107,0.0652846595410961,-0.0385496250706391,0.0433610034030785,0.152951152405417,-0.00895441205495457,-0.0879656539296187,0.0913652546247749,0.0285407063441465,0.0576256186399939,0.082080459772296,0.0774112372932466,0.00715190119073129,0.0141594130130845
"191687",0.249466880608447,0.0657739123551141,0.0678714425203401,1,-0.270704888226449,-0.00847457110792697,0.328192428135133,-0.116557058417162,0.0841247372876124,0.171023953641067,0.267721668538239,-0.162249425507602,0.204722173147222,0.395320378273997,0.101291354281558,-0.174076263151163,0.225109046519765,0.238508464717235,-0.0396187481035992,0.214413403881126,0.0607425234589871,0.306670069640707,0.349812153837532,0.27735285438897,0.231836068097974,0.13612053872248,0.132777538473653,0.117198214754407,0.0374367158643104,0.408940209037924,0.287243112472867,0.190173382304625,-0.00531232522289588,-0.073738678905136,0.167686442510702,0.0994771433614221,0.249782829230444,0.122895731001881,0.437739788094754,-0.131388701682369,0.25251993250126,0.0424823146684728,0.0187708940192763,-0.258211434086748,0.237716117428061,-0.182162183967249,0.169162897669797,0.0854195906054857,-0.0413240200573785,-0.088430484976658,0.0804132324788586,-0.0089223049664177,0.201496914042316,0.184667356962043,0.141251416074106,0.342188639791023,0.0788060890441255,0.186495862112073,0.32504624303308,0.068505801380726,0.212214800855615,0.177942570200371,0.207117118005918,0.102561546036725,-0.0220746147060071,0.296338547486862,0.231614248119551,0.0344115578768021,0.170029511952371,0.0340301082868276,0.320478864146339,0.100893581961613,0.0686315704705859,0.200271870383565,0.104859221093614,-0.19893785719098,0.468654238720984,0.0357696776919319,0.274704276507915,0.118896763233908,0.129919844583539,-0.126987016449063,0.00309901751611218,-0.0796650945311555,0.181922907636785,0.313414226384528,0.275072746984731,0.117264904531547,0.203553758494619,-0.27421317582106,0.0467893413094392,0.322322316419361,0.486305107452761,0.130994418275425,0.217727000835705,0.045078475648781,0.130080420559805,0.0354598520135815,0.152844401257143,0.115101074996594,0.0557070749182196,-0.0356271214734873,-0.25843957107279,-0.268497595299793,0.0875272239397158,0.102444472055014,0.205698443616746,0.199000530444612,0.241520021955918,0.240958541221099,0.113548587880876,0.146028288676898,-0.00361971716157216,0.179673367172717,-0.0543295719577439,-0.220265839645531,0.308896440162699,-0.0445294669497806,-0.248214066137282,0.124108897611127,0.417751168834021,0.158807052790389,0.286722420287076,0.155245238822773,0.255180273161119,0.364952439913394,0.240664544630526
"305760",-0.272328415395843,-0.24020745707169,0.0180579379842894,-0.270704888226449,1,-0.0771346907163962,-0.263082406810049,0.0755022710203545,-0.0639459346216943,-0.172200975094271,-0.235536685392191,0.35714583337054,-0.165775004255911,-0.167580159943335,-0.263504576409191,0.404743364125719,-0.0888978602682658,-0.107759144020862,0.0815022451086293,-0.183305284928646,-0.189051244559181,-0.179358582727318,-0.196178240572714,-0.068478281790486,-0.257236918595334,-0.0957571443281913,-0.115825175942821,-0.135356571104233,-0.144130334712352,-0.315849867235624,-0.151209878133029,-0.291530704814635,-0.0268743688372516,0.190808539147968,-0.215597828356998,0.0126132205377278,-0.0272588327164527,-0.203535728885743,-0.291353492696476,-0.0528540699662835,-0.187758050844212,-0.00873019416638343,0.00105752944591354,0.94666394938013,-0.0551256516850702,0.866106524149412,-0.0164992849458903,-0.0990163141684536,0.0847565282330924,0.280423801606994,-0.293288745976869,-0.127150660982825,-0.217430935596464,-0.359775135651558,-0.00881935139803311,-0.233684028368339,-0.138550931045001,-0.250235971957857,-0.295083522652073,0.0692158230510482,-0.0883728620720755,-0.356973177752046,-0.0351130969743981,-0.0809658035668895,0.0900958336802577,-0.171185740943771,-0.213517736298543,-0.216317630298464,0.00441378178797685,0.0203150150741186,-0.204873438372932,-0.0786817955039754,-0.0147766891719695,-0.187789578043499,-0.305657742543895,0.884100802984992,-0.216449641829246,0.0022961674379079,-0.150269745849689,-0.0634944329054011,-0.00381478946741918,0.33165753516934,-0.0600641699869304,-0.0553665676470217,0.0734964450155197,-0.0840966030481246,-0.272677211684994,-0.00340085107398273,-0.191698322360767,0.986176932360197,-0.0645418352592347,-0.125184861957687,-0.275402512926502,0.0321086299745665,-0.2934349423237,-0.0738014030475714,0.0616070255357878,-0.211482384800538,-0.174157974260538,0.0359295216043072,-0.0485303050893904,-0.0134105689131646,0.955037062817343,0.637462582780263,-0.253715015849191,-0.149021435145577,-0.0937926506125916,-0.0389001129167935,-0.0675971818005046,-0.225157420823447,-0.0216802332965907,-0.126171333538722,-0.104605963420168,-0.134098516232331,-0.0792639186642288,0.918149099238528,-0.211434448621408,-0.0745078373386084,0.483366978026879,-0.215098915920533,-0.184169428032036,-0.152267899867883,-0.309924888430434,-0.0779246480126858,-0.067715133975948,-0.286911814011188,-0.144936940843728
"326977",0.0339169854949779,-0.0664573009885381,0.0214230675279197,-0.00847457110792697,-0.0771346907163962,1,-0.0687434367901247,-0.00383919376970991,0.0555587762666644,0.115384742019274,0.0433005832673334,-0.0709588247085189,0.0865143019233025,-0.0135084693292183,-0.0696861895670567,-0.117274426258811,0.0368363727775892,0.0568291292340816,-0.00104482623417333,-0.01746096644079,-0.0152947140145569,0.0570163311048867,-0.00393093109412026,-0.0258752227021704,0.0417806811269444,0.0488692179002065,0.0255501430273169,0.0468201708330575,-0.101031374905645,0.0371117561609547,0.0849499897764191,0.0520286590968562,0.129948538418976,-0.120679958898931,0.0205015468805409,0.0539271608980869,0.0352541168364066,-0.06749594594234,0.0123235983020524,0.102362879343553,0.139922897718526,-0.016663596032865,0.060935067334188,-0.0743130804095479,0.0832181511366753,-0.124100242717338,0.0604610927625095,-0.0414390472255961,0.0402787941762077,-0.0521179056259241,-0.020526755970709,-0.0660642801578649,0.0386860533485886,-0.0326266288163639,0.0382286777030401,0.101344268466353,0.0248225657846506,-0.0185567893427612,0.030800495892865,-0.0801200780997632,-0.00196873686376093,-0.00033477470967483,0.164420870117512,0.0806310054567091,-0.0695996839032788,0.0438306749353632,-0.0348615280940346,0.0262004012529888,0.0719340390636938,-0.0518059496390453,0.0401651413861267,0.00200623482716217,-0.0651953253463047,0.0389590908633566,-0.0104617387317062,-0.134986785949402,0.0357175658614075,0.0928383536670884,0.0107878871836384,0.0204513580555887,-0.00476433786779895,-0.0668232084204796,-0.00582589196879664,0.0857189918810961,0.0501699038127204,0.0416287333577779,0.0254130864526275,-0.0981660920689833,0.0826237882421197,-0.0648278172868104,0.0291989245833005,0.0118456405043364,0.0242194874630187,0.0678284566933999,0.0984483884063156,-0.0615547732121601,0.0306413955377433,0.00211518780750221,0.0168905424259706,-0.012386346840138,-3.44772589950216e-05,0.0311578386182221,-0.055890409763968,-0.0628984893489167,0.0126849636719631,0.0974734735645163,-0.000308999546030308,0.000392353029746316,0.0398901085919568,0.127483187909288,0.10569750686106,0.00697079520795116,0.139589971121285,-0.0199020174101617,0.0526057714357058,-0.121100406618782,0.0410738333656852,0.0223624253909567,0.0298516031119319,0.00535890005873286,-0.0748420885695893,0.0817477621154639,0.0163120309362595,-0.0376991179319558,0.0196637160668294,0.0403181085495397,0.00161143493177817
"194648",0.137156340975832,0.156509079481838,-0.0695610708801815,0.328192428135133,-0.263082406810049,-0.0687434367901247,1,-0.177810037264526,0.171916167553291,0.249415902625124,0.401645301615337,-0.0943287819109217,0.152337755288503,0.317469351391099,0.108729310981977,-0.142961808611054,0.165663456609944,0.0911022136545185,-0.0101344228985633,0.273747424577948,0.0711758791254035,0.172222031226836,0.235960404400813,0.231728053146303,0.188318648474898,0.063077116472495,0.189547172766087,0.0771168576871506,0.0563828894860952,0.354187676928835,0.358704100015785,0.18893945529689,-0.0541103116606453,-0.135965560032193,0.104232363068304,0.0243538832847798,0.143303544438061,0.150764206605688,0.327638984758572,0.040311220855424,0.176397769384001,0.0768916697116777,0.0186394427624822,-0.215095401858275,0.17111540643137,-0.194786970639867,0.154810406856002,0.169679981647781,-0.0712931818911089,-0.25356234636418,0.131110959178635,0.041316248977546,0.220977898370122,0.186176115219475,0.0356490145467786,0.253197621389053,0.0919995747093355,0.114224328061091,0.278355616597811,-0.0442250058380367,0.121467287165157,0.170631331601719,0.116535462439739,0.0265707357388688,-0.081600412237501,0.209173457964108,0.192149110027881,0.0244027907157001,0.0941901259453469,0.141664568644386,0.252447108382561,0.0478962491231031,0.0838290114779618,0.109146644013137,0.0918968082230106,-0.187413202130769,0.382325230424026,0.000973570631356959,0.135881609376896,0.0351726151430161,0.163154218312775,-0.16039949256035,0.0450586941967841,-0.100779262040096,0.00768719213863962,0.0509352615401713,0.300323776766432,0.131947932997466,0.107785682836852,-0.266392420010946,0.155136821817886,0.254674087704553,0.385872437998649,0.0915255313184628,0.160710088786338,0.194230238274144,0.0497571028085747,0.0620889296938575,0.241709117204605,0.0674334400262434,0.0020295323170181,-0.0419278066686118,-0.28730765058267,-0.263082179878797,0.0399367205089119,0.139544339859802,0.175464389938527,0.111097520086128,0.140387922200857,0.23038319063958,0.101772870872195,0.0657148048679226,0.083798893496428,0.28468680918237,-0.0815301561394162,-0.195446148012174,0.291049364978426,-0.0216006411723088,-0.197704318370827,0.178815571206676,0.230642024072556,0.121946626231045,0.434641941017894,0.094174285316142,0.136161779461473,0.369037552613877,0.265015387480716
"28186",-0.0826346667301566,-0.0568247207784225,0.116931981672235,-0.116557058417162,0.0755022710203545,-0.00383919376970991,-0.177810037264526,1,-0.0723016423635474,-0.0708251216064153,-0.0723213705237528,0.060642034227701,-0.105319335219076,0.00891472278883244,-0.0510795415477967,0.150237854218204,-0.146596274649149,-0.0793651092590068,-0.00574793364759674,-0.00645472426081802,0.0374516333499206,-0.0132164340644602,-0.131741169143611,-0.101874083114009,-0.0734334611248191,0.016905884964055,-0.201306805935493,0.0294854963073673,-0.0109327927716307,-0.0688630485909885,-0.0989706549317088,-0.143953738666335,0.0467971502271579,0.176806269470651,-0.0364555793320267,-0.12236582125749,0.0214605585860449,0.0160915715229565,0.0336121985196448,-0.0435930108349425,-0.0776267291244542,-0.0140298836605123,-0.0239462916121863,0.0627042960581681,0.0731066999516874,0.0364436736498045,-0.0418131959910877,-0.0821448732930944,-0.0605939928641744,0.09532741907011,-0.048187343384803,-0.0526497223307991,-0.144951650998188,-0.102705161795778,-0.0276428675685759,-0.128072863383514,-0.105410155437374,-0.0421291576045977,-0.118182929511892,0.157519780728255,-0.11935995229127,-0.0424829086971524,-0.0711876671866093,-0.120059759715477,0.138462715933081,-0.0531152528105682,-0.197405010309141,0.016731268428009,0.0228601750243418,-0.0128552893756496,-0.143585440926984,0.0904072411205738,0.015596883551819,0.00273534729409038,-0.112527074841415,0.0861074458977951,-0.12571520418903,0.0246021387714165,-0.11291787871085,-0.0352495263814425,-0.113653434800952,0.134267986635355,0.0427383583370725,-0.0411950211144944,-0.0604576388784946,-0.0674798846943864,-0.0652462525819198,-0.077936903152817,-0.104203058951445,0.0836251273641879,-0.134059199236157,0.00740808501524947,-0.0595327310788501,0.0124207923782449,-0.140467522735832,-0.141976931588335,-0.0275688637646355,-0.0340556366564808,-0.14239200932127,0.0137620197122849,0.0915870084966317,0.0795481710496437,0.0934057198471103,0.0935519575968776,-0.0653844149395605,-0.065162020271703,-0.0321275044269731,-0.05203174115512,-0.101633783191336,-0.0902368165391021,-0.0171356375595838,-0.0516918275601936,-0.0171523384597955,-0.140406943942508,-0.0647914436329408,0.0865839898966916,-0.0958871392510138,0.0720956024833935,0.133639810540384,-0.106995509209155,-0.0161079074229276,-0.120485321710803,-0.145152826555775,-0.0273212188021374,-0.0838496926275145,-0.251698070834776,-0.0297606491826511
"541301",0.0428888968598293,0.00564120269429585,-0.0646621661568314,0.0841247372876124,-0.0639459346216943,0.0555587762666644,0.171916167553291,-0.0723016423635474,1,0.0628508129152447,0.149120758416261,-0.108176527842155,0.0847123564254445,0.103091547013722,-0.0720215711950287,-0.0549849271790605,0.0748332596602005,0.109813722465894,-0.0105645049811413,0.00211920246038075,-0.0198690059285562,0.0462737607822503,0.0129220040701412,0.165007211600795,0.122663139501955,0.0761009534089496,0.209506692198126,0.0157505927299251,-0.0459668672188818,0.125869933505331,0.17011079317236,0.119066834256492,0.0592371948848686,-0.0872839720504432,0.0205967901633207,0.0351769136717145,0.0296095183919184,0.0367428559194185,0.084496619923808,0.0775170539032013,0.118051804437441,0.112137506186888,0.0563829214564529,-0.0662172049515601,0.0909356241657387,-0.0782815840604374,0.119593799352963,0.00602570548833266,0.088215165264168,-0.0949961453385905,0.190957293635407,0.192269903441987,0.0693249269844992,0.158367559114589,-0.0183039491558155,0.0138071138674379,0.247631753022656,-0.0339289601950007,0.176291305557646,-0.0294829975628274,0.0755620797955655,0.169080168160681,0.0831420938577379,0.163133766886089,-0.0541893961875609,0.0296869059771468,0.155729079215175,0.0377469375237665,-0.00437488793202232,0.0401255043779285,0.100096599282908,0.0378168464404055,0.238815051120486,0.024795514892443,-0.0459351969435244,-0.0590043100051114,0.14120521540023,-0.210050358495316,0.112096657142649,0.0362519744692679,-0.038119409641946,-0.000694493085944095,0.07236030993478,-0.0961143217183495,0.180745770565687,0.115268408429734,0.130332392468441,0.0521438819122898,0.0192829801012938,-0.0628276217162271,0.0817606784086753,0.0127280047205934,0.144723905077476,0.12033095411563,0.0440433590698084,0.0568661963381835,0.0676580475718245,0.0413257043068348,0.0790643644563885,0.143472666295819,0.0184397766715748,0.024488477943654,-0.0677758339881368,-0.055287505825801,0.12865423142491,-0.0294640719169204,0.0817245964118048,0.0942020485220631,0.0835362375544,0.182626283433657,0.0493065203970965,0.0637805211224842,0.0830694236023308,0.0535334337212245,0.00215881777205861,-0.0812873046190255,0.0861984006253728,0.0319490524869026,-0.0690732035894782,0.14509098721572,0.106074606511606,0.112937440589608,0.11214891575829,0.0993085588050514,0.0991344641499634,0.0818884493128139,0.0532044576664027
"198941",0.127302739271963,0.0288023734025446,0.0445078032396237,0.171023953641067,-0.172200975094271,0.115384742019274,0.249415902625124,-0.0708251216064153,0.0628508129152447,1,0.164183135053987,0.0169434083970838,0.115187100607476,0.200860105502381,0.0272129323430565,-0.040427423812334,0.143746606758925,0.09904524502662,0.0181010949664958,0.285606975380044,0.0218230392737812,0.164360548527632,0.1785223704212,0.159109915947124,0.20349139063642,0.131295924812781,0.135559905221692,0.145687684927879,-0.00901342873789599,0.166354146705733,0.105635748831749,0.0860352532850185,0.0729270427541934,-0.00644049063858094,0.0998990220605057,0.047440592202176,0.101306389399081,-0.00666815556146832,0.249914808625952,0.0929568748141904,0.139706277612211,0.0706232369899114,0.0747632361424235,-0.178016321913582,0.138450107946861,-0.161459341545633,0.131549909934728,0.0436734404486262,0.0216005440648941,-0.0836979899424979,0.104503006363597,0.0243821914649819,0.161504709967127,0.150552189337927,0.140920182045059,0.181098483994554,0.158701208906952,0.0756887047990512,0.165074361990769,-0.0151721354440268,0.108831765082247,0.113334363038639,0.0822744816846689,0.217889350550475,-0.0116758327460194,0.294520258748899,0.172508853930067,0.0338659404921678,0.0408968516149018,-0.00714613369247763,0.140334919216239,0.152951818265245,-0.0153766813768891,0.123351994939224,0.0592153698559424,-0.162115983896581,0.229189365828631,-0.0486740840665931,0.123066314338201,0.0472988040586142,0.132859616069467,-0.00808129694410822,0.122249897369276,0.0217554231581635,0.0841219286757807,0.0761322928882647,0.132040171608136,0.0514196885563716,0.0459139921540439,-0.167262499051432,-6.69643935842056e-05,0.169331076938385,0.169224099408158,0.0253996401562485,0.092735189596399,0.111928475142872,0.114977131243426,0.0249887394755535,0.0405134538709978,0.0435976812407475,-0.0218854317599729,0.0394524891764144,-0.179479462306067,-0.103511515105105,0.00990241459619002,-0.0486890311664646,0.0850399442074569,0.0840593382340051,0.10097157069556,0.0611185449928548,-0.0286230844297644,0.0283761889645758,0.167883335730061,-0.00276113079878258,-0.0166084884113811,-0.187966665270212,0.172986899736697,0.0816660687172152,-0.0854810303654207,0.151141552918427,0.227743563441144,0.195070788873725,0.115266842236872,0.0715552558214602,0.20282903005293,0.130884082281662,0.11703825556518
"182054",0.173124021471039,0.0592588103114062,0.0372478382160673,0.267721668538239,-0.235536685392191,0.0433005832673334,0.401645301615337,-0.0723213705237528,0.149120758416261,0.164183135053987,1,-0.119295685145982,0.0656932054759664,0.224345006907514,0.0556823429961334,-0.143546776341082,0.189330952599751,0.198612276956909,-0.0129988107929463,0.0985777737383666,0.00351685906962828,0.152406344301027,0.223897777441862,0.179780864442332,0.206158141885164,0.113952037830424,0.0870042646194103,0.0769192847808394,0.123575588598427,0.29533818945849,0.347077993751774,0.0675740493228349,0.017853659826429,-0.11812095513484,0.139537178204458,0.0716854306512215,0.185410049395075,0.0830526717789638,0.293629119936022,0.0462727401297178,0.154966006451536,0.0163222254510323,-0.0132349991253275,-0.210710193224394,0.146509844888034,-0.188185526157449,0.118838996583394,0.0925793401376164,-0.115831995662962,-0.133522649963079,0.0257239215577481,-0.0122477471769562,0.244892395622633,0.0500924923691867,0.0723002122901658,0.292500993936727,0.048897731664507,0.12864514867889,0.2195096832461,-0.0490560511110949,0.117065810649824,0.0510151071039734,0.156422623092778,0.145404980270734,-0.082048834043398,0.143017497357111,0.123502750953939,0.0529007934564645,0.157813241888378,0.074319278621438,0.2018311745064,0.0800773054810507,-0.0481574292536396,0.170303506865462,0.103290550207109,-0.185281858832128,0.309390787945072,-0.00369743841923626,0.100406869737815,-0.000687929857171971,0.177279551841964,-0.0737277441616615,-0.0574995269600138,-0.105848373568895,0.0257645917356264,0.0834173227292365,0.607796288769897,0.0488926661653363,0.138740989983059,-0.242651932387829,0.0501288604133753,0.236419696712901,0.397794982096992,0.14484962497745,0.123769438648595,0.151927829787664,0.0268282242884526,0.0247019153329622,0.238808506167917,-0.0218166596671592,0.0334034431793974,-0.0358815683651051,-0.246490178250818,-0.240888971023806,-0.013175921337617,0.107935889561598,0.129279298336272,0.0960689791726047,0.181252312935671,0.335618626211154,-0.0219438878390691,0.00278966442556334,0.0831257597135285,0.134136590920591,-0.0340594383286494,-0.194607072380115,0.289626867061622,0.0295258393564768,-0.116357856350793,0.132983014564601,0.242739876027019,0.0609025102892504,0.357299217490513,0.120871940067309,0.121518216290474,0.346003154014759,0.180918493412205
"9753",-0.0667532480966123,-0.0164767108666022,0.0466191078609087,-0.162249425507602,0.35714583337054,-0.0709588247085189,-0.0943287819109217,0.060642034227701,-0.108176527842155,0.0169434083970838,-0.119295685145982,1,-0.00541156067605452,-0.11150930435032,-0.0158429201573631,0.302912123621669,-0.0208543743244212,-0.029296523963895,0.209153684849295,0.0207430562474377,-0.0539658656436371,-0.104446342774323,-0.0935501403193784,-0.0101481278766329,-0.0486081301911173,-0.120164483677732,-0.0484284176501272,4.31968419568978e-05,-0.0209434881975474,-0.228687457351182,-0.044192447184053,-0.178358327491076,0.0239460864433223,0.195032620407947,-0.0217163723007968,-0.0211881518833036,-0.0383764815303522,-0.0744236020861421,-0.212917319969368,0.023562231609441,-0.028132871111722,0.00649741482973155,-0.0329635338093205,0.356246146732143,0.0229240062657249,0.264642552241095,0.024794324451821,-0.0390682317209031,-0.0562746364583365,0.172605782677362,-0.131063417021741,-0.0442750878254584,-0.0791219499811645,-0.191081499411465,-0.0966583404668057,-0.144625673603953,-0.089347827968424,-0.0415498371443282,-0.107869481128168,0.0306261180589068,-0.148076247851551,-0.0918021974209502,-0.00193969448841763,-0.0279565844084387,0.185865128739605,0.0206275762763487,-0.0587624617471782,-0.0550798005338218,0.0886326053984322,0.099536222465113,-0.109329396923498,-0.0136930428628796,0.0236466714440233,-0.0241290574149961,-0.148458535132891,0.360149951832189,-0.113178497161759,0.0750796339733318,-0.111236927966129,-0.0303568167488851,0.0214942403321866,0.306381389036359,-0.0303582421427463,0.110743406788223,-0.0960597843296096,-0.0556841276432188,-0.104699757566657,-0.04457865997776,-0.099688643548652,0.352415570135431,-0.0707936830453095,-0.0720739087418211,-0.140470947112178,0.00627265177733734,-0.147917534381201,-0.0154761426801839,0.0197637416797511,-0.217842568594755,-0.0854865747489353,0.0276278429635575,-0.0528469818417916,0.0616251809999616,0.354746001304751,0.386870721001398,-0.0833214978404743,-0.138494213517054,-0.0264369720094489,-0.113791092755342,-0.0880683046379689,-0.134647411286256,-0.0287710019531064,-0.0354115505536144,0.00774401543052369,-0.0848321249815334,-0.0318780359011029,0.335116578880755,-0.101398746264059,-0.0583513273531806,0.401071076899409,-0.100318432190452,-0.0737625151961076,-0.139157085609548,-0.117467013521354,0.00844724326867625,-0.0430829298757953,-0.207924663084332,-0.0517703878422941
"188518",0.161609601508142,0.133001074098721,0.0832123542392034,0.204722173147222,-0.165775004255911,0.0865143019233025,0.152337755288503,-0.105319335219076,0.0847123564254445,0.115187100607476,0.0656932054759664,-0.00541156067605452,1,0.0889934931043291,0.103490084445085,-0.150736138835481,0.0893578823770042,0.0411759268620698,-0.00611231157461718,0.179594910493156,0.135172195476346,0.155279267135351,0.207194803659189,0.186898911156388,0.14091173023955,-0.0080383178683788,0.0639941541729959,0.0528540898906299,0.101491341924035,0.203555795083437,0.182538406749295,0.140010133499175,0.00335450315000781,-0.00729263958611947,0.205884000121245,0.137337474236727,0.122755417926698,0.0586673791061355,0.0562104483935251,0.047498562506678,0.745531678937658,0.0699193906022838,-0.029171901996548,-0.17416769982662,0.14537643169106,-0.117981718877246,0.151726985060031,-0.0197088102142887,-0.00776620447572685,-0.125669601417802,0.0936600545149147,-0.00818083107170869,0.19272162208952,0.127894286365296,0.175593092192161,0.132102299809874,0.0707620200478265,0.0733459472750594,0.171055768034516,-0.0817162340524217,-0.00754925555138917,0.164946278269276,0.0704899580847286,0.0897699671169279,0.0304694252846644,0.195771574360523,0.127943507201772,0.146729183501839,0.114315587897153,-0.0809735966391991,0.525290165226258,0.0470984259651329,0.032032550542058,0.0587316824247451,0.116304911070744,-0.110164683967851,0.180232227937315,0.107384299687883,0.176679764324537,0.174590821827892,0.164994304269066,-0.020634835422727,-0.0545654125723702,-0.0375321596597118,0.129119717752866,0.132853900763451,0.108088951971849,0.0231830728947715,0.542380576463725,-0.153108464774194,0.0120846414014858,0.048719656096539,0.167383976412868,0.023953748284391,0.148972460493896,-0.0149462606911706,0.175500869640917,0.0345242668728661,0.0377463936831849,0.095521655688048,-0.0719208854575669,0.0845885798225168,-0.156702440052754,-0.132498865204594,0.0731644429819651,0.0848324330648596,0.223715582757032,0.0640703516508654,0.102795339286129,0.106201876437078,0.140343734226059,0.108556335171442,-0.0129967997957503,0.077991065088608,-0.0318019094077185,-0.139083444746336,0.077435074079351,0.0366550655235633,-0.111327827543965,0.0974067853170774,0.167527142973291,0.110084663030674,0.138709103520099,0.09105874181345,0.250952331666488,0.145305111167217,0.102613613908362
"189396",0.160773803631167,0.103145988371951,0.0541508830392863,0.395320378273997,-0.167580159943335,-0.0135084693292183,0.317469351391099,0.00891472278883244,0.103091547013722,0.200860105502381,0.224345006907514,-0.11150930435032,0.0889934931043291,1,0.0767630450360153,-0.115501040648585,0.270653529367013,0.168429975659059,0.00541094382446479,0.183847759952728,0.0721236015281494,0.116134314973562,0.326937143075381,0.291336172251362,0.29571438019845,0.0704715211217737,0.107702791396344,0.149640682478947,0.0923805813878523,0.299457030351736,0.180333588757349,0.206006830912763,-0.0104231510208884,-0.0509902519602734,0.22180888420428,0.099031484716795,0.240870531613783,0.0726505455401239,0.337310660623033,0.0352355349631872,0.156008287844188,0.0770388844122958,0.185860817717082,-0.122786111200202,0.226567963824823,-0.157463562077127,0.213594070598537,0.0861090666905347,0.111860410052881,-0.134239716470801,0.0615374748288328,0.0129515670537109,0.0976750491946131,0.155006377260737,0.128351117039853,0.214239834390001,0.112802710137303,0.103394552001593,0.303788540651961,0.0716376552782629,0.111222904364586,0.188347270522145,0.158539316901983,0.117325963140023,-0.0385527587663242,0.208438097295508,0.16716210556985,0.00653297998768441,0.088955353772234,0.0372358163768225,0.17676006321327,0.119951977235758,0.0766573182615185,0.0712515929378105,0.059354645414901,-0.132234946456545,0.316329225026949,0.0357688847429205,0.280224254702886,0.157577628724021,0.082162284655945,-0.131649146471324,0.0754138448014118,-0.039589724103522,0.195988756297255,0.276822770376564,0.20547495152201,0.135681956417946,0.0577702168300768,-0.161435144908964,0.0431193585118948,0.311007952936934,0.337525542520522,0.107647201867489,0.209198732379839,0.0448213757350967,0.100982763140489,0.112958037990479,0.103888574417199,0.160752572641466,0.0346958448995662,-0.0341881839102106,-0.165590885037217,-0.19865834957991,-0.0118043281840191,0.120570928398232,0.119322494062933,0.158906310472032,0.275653085780485,0.194398998592571,0.022202130495314,0.111727757479234,0.0614569761339393,0.122888363048608,0.0392239962560045,-0.161132375103126,0.260744998599897,0.0419941642375349,-0.128819426472436,0.139403693894226,0.390235081380031,0.14754201072259,0.238619253628161,0.134290721087856,0.240690323402005,0.187946896254946,0.172035753151167
"90487",0.256657406370496,0.891911410084629,-0.0778877672840187,0.101291354281558,-0.263504576409191,-0.0696861895670567,0.108729310981977,-0.0510795415477967,-0.0720215711950287,0.0272129323430565,0.0556823429961334,-0.0158429201573631,0.103490084445085,0.0767630450360153,1,-0.101448262018395,0.0872215358656001,0.028482701198324,-0.0319885374856089,0.122070276641942,0.0507014140264629,0.173310776435285,0.0624310131999506,0.00354270607010326,0.138445597051499,0.069641388995864,0.123895394638759,0.0902327531864317,0.133195968573076,0.164652818951053,0.148439388076694,0.203912881709567,-0.091656546382119,-0.0573848869892245,0.066209888100384,0.12305906367638,0.0498114557866716,0.139239488567705,0.132790248410856,-0.118823601781739,0.113508331736052,0.0741606564460178,-0.0709477138290618,-0.239680096139801,0.0489118063386325,-0.161914148290128,-0.0140964802880562,0.192342693812766,-0.143530852409298,-0.000501293452185005,0.255169198002817,0.0440030157570947,0.108832176464322,0.281257254695278,0.0462409619024341,0.146949319549,0.182982204409763,0.222970094086059,0.170954484272098,0.00821347717917655,0.0690609184300601,0.385982829577995,0.0434707387208805,0.0809731510628242,-0.0631135268492697,0.138882952037227,0.193801360877265,0.543676960357855,-0.0276176894244628,0.0703745758526661,0.145318798938987,0.013557732579271,0.176304256512036,0.201932653227741,0.318580527217862,-0.159051987069466,0.130888984764985,0.0783324549444094,0.149984022190591,0.0752349052197189,-0.0173175852814737,-0.143666427338517,-0.0297128324701952,-0.05189378906788,-0.0214400805320654,0.00549313580426583,0.0951489592537294,0.100989052535645,0.214026162528173,-0.273839266959984,0.00983700520596857,0.0751591697751302,0.173313910181396,-0.0212662070583776,0.241898139930702,-0.0645607124499625,-0.0284825399956046,0.140193366223567,0.0267311170408803,-0.0802010522109981,-0.0390379650522185,0.00305665020889753,-0.285871388838953,-0.0893978927236422,0.433982597051842,0.0594131885527392,0.0340484823359076,0.0111421305410332,0.0672833724389444,0.110817708299653,-0.0198912840121791,0.202404004609259,0.0497937931727108,0.15780031795962,-0.112590098826344,-0.198513648046939,0.0633621713819393,-0.0404674348166784,-0.0323993212562198,0.160967970831997,0.198571813535879,0.159044392104625,0.104506024832701,0.0672511149556446,0.113511828751337,0.125074775219408,0.181986222850449
"246752",-0.133613717064008,-0.0758997193800741,-0.0840051920083898,-0.174076263151163,0.404743364125719,-0.117274426258811,-0.142961808611054,0.150237854218204,-0.0549849271790605,-0.040427423812334,-0.143546776341082,0.302912123621669,-0.150736138835481,-0.115501040648585,-0.101448262018395,0.999999999999999,-0.0843752913978952,-0.113951586685036,0.157598501406617,-0.103484637624057,-0.133095352804854,-0.14926739642468,-0.215315354296836,-0.118483675620283,-0.0280620592032987,-0.0934067316099563,-0.112366643916924,-0.0382608345979993,-0.12032168171264,-0.204931107634572,-0.13914474291404,-0.191321493998943,-0.0901223597579361,0.174571177519089,-0.0652203206429252,-0.0506854334187459,-0.00425863445616352,-0.0754239774200247,-0.223961565593149,-0.127474377187263,-0.209009153096176,-0.0569428110083103,0.0453401913082572,0.400443633304669,-0.128035842016383,0.423582316630237,-0.0356999362755423,-0.104394288131808,-0.057613864010465,0.157855845592233,-0.168898182269145,-0.125600815895025,-0.0606766794067615,-0.231800003396876,-0.0243315893424849,-0.214133182350744,-0.0556512352502382,-0.123318904146302,-0.145662814229072,0.126671684020725,-0.144539440251308,-0.218215514091013,-0.0130497176231758,-0.043384629742378,0.162952321050074,-0.0578241812941956,-0.20474953977671,-0.094425473238422,0.0489889225388906,0.10189956603063,-0.205542778040152,0.014355696113427,-0.0131167688924372,-0.131129949621211,-0.238642608788907,0.385514860980625,-0.224391457563953,-0.0889803689351009,-0.0618466590362429,-0.109366078121896,-0.015594188936132,0.427221700818062,-0.0444726489862382,0.0472291631788729,0.000248794600596846,-0.0619117151004527,-0.228817545193815,-0.0722416452497344,-0.189470637790553,0.391233489246046,-0.0842570026599327,-0.114615164898907,-0.193264212783066,-0.0118975255669997,-0.183007443607558,-0.0161706389586544,-0.0416332635026916,-0.176621102946906,-0.0792331437536675,0.00557088490326068,0.0383248775626121,-0.0126389648207255,0.399645259761662,0.423009983827835,-0.12526738561392,-0.213080566495642,-0.115272963739847,-0.0661346142181907,-0.0733279885243742,-0.18201832588032,-0.0176360400785851,-0.202165176518626,-0.0538068129451556,-0.142844428446678,-0.140691641795777,0.39671404428688,-0.108243053327788,-0.0585431812982741,0.45999267484447,-0.131956548910734,-0.0686757243275269,-0.139019733006116,-0.243346718543287,-0.0458497743549789,-0.0648535140787397,-0.258240121612834,-0.0977146228980794
