"","326792","348374","181016","191687","305760","326977","194648","28186","541301","198941","182054","9753","188518","189396","90487","246752","175537","194661","512309","170124","244304","352304","191306","191541","191547","195493","248140","193632","469991","199487","162651","175617","195102","119010","177918","192132","369502","165261","261912","590083","190597","335530","302160","288710","369164","531978","212619","165734","274244","9715","86468","291090","174012","331820","82283","190307","347862","188900","188236","9808","192127","268332","199421","259569","71543","311477","353985","195926","312461","181892","177772","348863","181095","203788","158660","302025","363302","325608","179460","212503","189099","65355","127309","73352","194211","176115","190464","470973","175137","307981","176808","178146","288134","108747","322235","187360","17859","567197","196731","186029","549871","278234","301645","329096","334393","293221","316732","361809","544358","325969","361480","469709","130663","323253","223059","292134","516022","361496","524245","196080","293896","185451","184983","294710","364563","194745","206906"
"326792",1,-0.00959344892922138,-0.0105812783906997,0.0919609547531397,-0.232578005761931,0.0715741801161153,0.0149042395175604,-0.142875195996457,-0.0567419611319864,0.0278520363082334,0.014471330236642,-0.20097934479221,0.167496586089096,0.017748241969381,0.0354713322168297,-0.256124054951484,0.070238337757624,0.0646234415018041,-0.117419593992616,0.0689581587908823,-0.0101191737463158,0.11637272904368,-0.0482908262743665,0.0831968315856073,0.436448410227279,0.112278246700186,-0.0421504003073444,0.0975260226857043,-0.187868200583396,0.0186367472656778,0.015714429662227,-0.0108107022025354,-0.104183003153652,-0.0873222371155208,0.412508404543088,-0.05686902733633,-0.0715590315602092,-0.160155742068879,0.0175665210760717,0.0327020652416939,0.229420236905206,-0.0812764119340307,0.0950964806560822,-0.232146436434249,0.289432509690568,-0.287573480947853,0.00333763499857384,-0.0753828956876829,-0.0623000185199569,-0.122742025941139,-0.0403491358610221,-0.0139122982785704,0.149704182786676,0.0469202125888204,0.0300698092628041,0.0165850707378907,-0.0765443662399434,0.77274239631327,0.361375938377724,-0.1115866415578,0.130785111791158,0.0237523098181951,0.0696460535355709,0.0169398228159014,-0.0738019058413889,0.12218897627415,-0.0145141030971238,-0.101795610559236,-0.0132285857265347,-0.0762003555703156,0.230441304405608,0.002994676708096,-0.0667812534712031,-0.0896927930993187,0.00647590376168893,-0.241277819202484,0.0848175150677907,0.00327991521409947,0.183529520744831,0.183430431132878,0.24521053930526,-0.188425218625643,-0.00838227171325065,-0.0919632074664448,-0.0341595864018822,0.244349833221391,0.0393314262434973,-0.224432615735126,0.179911044754843,-0.218909144853097,0.0178206986913217,0.0119051848315133,0.14552354436314,-0.0544215096244074,0.0768630683707667,-0.158310375615766,-0.111144953384961,-0.0375948736164038,-0.115152437588101,-0.141475742337707,0.0605581354522212,0.051853081751497,-0.206652038027341,-0.259042978974993,-0.0791159401071298,0.248153293453219,0.162826398045471,-0.126770586211167,0.0762308012386743,0.00946797857283216,0.0629600665004382,0.0582219309930943,-0.0224778966739633,-0.265689324510405,-0.0738456443107587,-0.235886939109191,0.102278386220634,-0.0797004300169655,-0.208881688773361,-0.0244011613536329,0.225012486825309,0.0734072998629039,0.0568768130488404,0.171570860849819,0.328037284159641,-0.0159578305760009,-0.0386841004795422
"348374",-0.00959344892922138,1,0.0489548707994907,-0.132521643830696,-0.0543524762698354,-0.120972299886626,-0.0725303647147134,-0.00145095680388601,-0.0104840126336579,-0.132627867026971,-0.10332229753176,-0.0129588575495236,-0.148967383987394,-0.0901634185772088,0.911835461190991,-0.103087033512097,-0.0164597925865162,0.00847289194840989,-0.0206048125501104,-0.0298072255725477,0.0860402052975585,-0.104913234030634,-0.106310262042516,-0.218370044481024,-0.0896659697149299,0.00680394990556433,0.239212901831031,-0.062997821532246,0.125058856068467,-0.106501020885857,-0.140069771800869,0.309094088044512,-0.077101501078404,0.00399382648957991,-0.107789720652082,0.083085618718866,-0.142152052485898,0.15704002180342,-0.161489509070064,0.123097258119186,-0.141504031862022,0.106470844609225,-0.195934589745079,-0.075567560200499,-0.0918329978699553,-0.132683408154071,-0.213310730757861,0.14946034643144,-0.0427272148962685,-0.0180791166806506,0.104961241649089,0.145582864501898,-0.0772607935707572,0.13184288936798,-0.0651337411854075,-0.0907332420196009,0.106425243009323,-0.0342566855579798,-0.0932739619690883,-0.0339465819144085,-0.00430203150187045,0.353192134938372,-0.0956829209775783,0.0315947469513825,0.0155807443593674,-0.156060243663494,0.166664413831005,0.622762722429169,-0.180616813539871,-0.0516102336025394,-0.143548351706393,-0.0269625133477793,0.198456337733268,0.133298750490395,0.230952174992412,-0.0893862262049228,-0.175902474179113,-0.108962896660871,-0.0683891835895257,-0.124385040952229,-0.126372186369154,-0.0567318607247458,0.130599267071546,0.123375557560911,-0.224218350597629,-0.19811867885071,-0.0757686480888675,0.00244471278790165,-0.055988343273652,-0.0657186105129612,-0.0615510545686877,-0.15622210319162,-0.139612359546917,-0.115821382852036,0.337029052846772,-0.0176143037969617,-0.0843892079851646,0.156419255649589,-0.0547599795678045,-0.203965556201366,-0.0776574220643024,0.00384565569221214,-0.0457220276432344,-0.0892936629642875,0.500338119336311,-0.00339709599535088,-0.0717318629800536,-0.0416123648751074,-0.090491602514973,0.00131215740059216,0.0804610501824692,0.176986410932592,0.214679767371486,0.082052385731128,-0.0994503101746463,-0.114001165460342,-0.20822694208278,0.150239111229815,-0.0532698141248328,0.181920865458545,-0.0471190210985925,0.0812661382760593,-0.0508650525911791,0.0225865505477542,-0.050976383441962,-0.0847780511602727,0.115185787582512
"181016",-0.0105812783906997,0.0489548707994907,1,-0.0446791493630644,0.0831788141005452,-0.16446445002555,-0.00782792888457405,0.163814607339103,-0.0122721875690403,-0.0183388823210289,0.0395329251305466,0.0694352593285347,-0.157292933149806,-0.131919448231469,0.0465635151446341,0.0776315800685477,-0.00602782077892674,0.00224476447700789,0.101730402386955,-0.0438299147398881,0.105791006293636,-0.115220760090559,-0.163351367026312,-0.0230704557681549,-0.102673717569631,-0.0376688921098916,-0.0698052066801522,0.103050439651796,-0.0506553043808337,-0.171548574316576,-0.0996626992595119,-0.0888816202754654,0.184239020413703,0.089564300681156,-0.132185339916989,-0.0355932213159216,0.0725807166709902,-0.083551161953093,0.0316419582704568,-0.0961530631225187,-0.177255484591807,0.175887858564586,-0.00376984086907033,0.0522839767950022,-0.0694107366146,0.0603378486612669,-0.0176680802499554,-0.0428125239857356,0.0740789782955966,0.076645002781549,-0.119280127713111,-0.110608242917066,0.0281607952242965,-0.0771124504560705,-0.0556391682604098,-0.0776933478846668,0.0084490677299392,0.00760495165765355,-0.100899481307172,0.0697285717569594,0.117774021987323,-0.0356910144897894,0.0915653726042675,0.0304170395251556,0.0759089117998675,-0.0918244754176878,-0.103497528014508,0.0214650909141868,0.0384311882001926,0.0422723749602192,-0.101010148927552,0.153856159898675,0.0814952416517653,0.0736561514202572,-0.110921250410005,0.076170143321816,-0.17883611202063,-0.108419556282312,-0.0861166103306891,-0.0635583915774991,0.0545481313585297,0.0808880507038088,0.0268410917524394,0.149735386705163,0.0168068501697928,-0.0975160775187469,0.0181355272484541,-0.00441129786821563,-0.129955845669171,0.0869912554107172,0.137735277008824,0.0139502563411708,0.0451181926592973,-0.114704427838905,-0.0331279179731837,0.0215349375710485,0.106065550853594,0.0177144787500921,-0.0178113869256544,-0.146634063191701,0.0540051361268926,0.0499046896968851,0.0862800428780168,-0.0190974630053097,0.0157245701911427,0.0637686326182732,0.00762573749164706,-0.0597441935878333,-0.0147530335004904,-0.0138979220892965,-0.054054870722944,0.009947938834184,-0.0841886748983741,-0.0218094311725296,-0.0472022761549299,0.0853241452746651,0.0168558611530335,0.0228251920888574,-0.00251761039264352,-0.116472413361209,0.0754459151799935,0.110203415367773,-0.0482740092045691,-0.0378083422044164,-0.0336999368984607,-0.0469346200286847,0.0205779187701191
"191687",0.0919609547531397,-0.132521643830696,-0.0446791493630644,1,-0.285403233276114,0.129347286877209,0.171862734390681,-0.106982251130605,-0.0342800620920536,0.0925459255908183,0.132769909239466,-0.201366897790752,0.222960626416285,0.384405151593967,-0.103459852343766,-0.300515754360121,0.0758939959999546,0.0693413213834492,-0.0585674889096775,0.13138170846029,-0.0122843212441023,0.301212988337231,0.121451418425949,0.191874509512606,0.182978597582897,0.0190214145304518,-0.0499318965366897,0.103735400741122,-0.201828390228677,0.280851890022177,0.136884825136156,-0.064981715032564,0.0261349371346738,-0.22514072488256,0.137614207638112,-0.00531900276553669,0.165159476555333,-0.09718221749377,0.32433176007328,-0.221147394275381,0.287780834267218,-0.190932151847142,0.158335969641635,-0.306818669931939,0.0930243404964737,-0.34189800020125,0.0782485751323378,-0.216798621590311,-0.0655833873982229,-0.254361339511021,-0.109768209807001,-0.104160335151633,0.0877816258734024,0.05883230277294,0.0860737295964461,0.355004918737932,-0.121566380571092,0.011600254924964,0.232593649851255,-0.172441092786633,-0.000872652993309017,-0.0390563385726611,0.0388051651657167,-0.0770070847353422,-0.179858254723602,0.268312510567781,-0.0446791051458482,-0.116763712755956,0.160026926896109,0.0282779544641641,0.181207772705275,-0.0203300076318431,-0.0814236465999222,-0.0914997048211494,-0.0546549041843715,-0.299993018257234,0.331891032339372,0.0807463081152013,0.140093994930839,0.0602247363426248,0.0362442224512815,-0.290525457214926,-0.110522573516647,-0.177122711237588,0.0956577412471145,0.101727441115144,0.19040304297231,0.036286865342101,0.222192812443804,-0.284473830289686,-0.0143511011527836,0.313351355525121,0.428373599649308,0.00846950674378823,-0.0374936901495817,-0.0735051247643848,0.125653335914364,-0.0758306454262776,-0.0950001403236383,0.18659059849739,0.0853265572457708,-0.0482189935702331,-0.249187310838031,-0.322856036843962,-0.0873294102445924,0.0502241275966427,0.10222745282742,0.140920303190264,0.229896045630907,0.119507557942037,0.0128192848250948,0.0274672774168835,-0.118783924481997,-0.0221014971484883,-0.0365090279813587,-0.313371962815086,0.164747210812714,-0.134459119538386,-0.271071407174935,-0.0423206272223663,0.33613442931421,-0.0080738381666945,0.144289718294602,0.121603805987652,0.293002156551241,0.106590783525804,-0.14360035939107
"305760",-0.232578005761931,-0.0543524762698354,0.0831788141005452,-0.285403233276114,1,-0.0678912683923801,-0.145642856393014,0.222154317017209,-0.0382625534254805,-0.202096923904575,-0.11969539785414,0.372478637110806,-0.310943979377828,-0.273594095886487,-0.0926747980915072,0.652891207622451,-0.174919424793864,-0.0819755618492944,0.231934474607171,-0.13659985658296,-0.0145309418923574,-0.257252290029193,-0.182743296374963,-0.120007962339829,-0.337001575419362,-0.126033062049128,-0.0750304946948737,-0.137470477141576,0.156797660737919,-0.140651035278749,-0.0217753927429677,-0.136279032941571,0.115324006147206,0.313818997271802,-0.265515991068041,0.0189562646776538,-0.0414421519952033,0.0483137260745243,-0.279481043198146,-0.0649874901905101,-0.308752757391596,0.0749228017925851,-0.153399741679148,0.961379498205798,-0.220529042018287,0.944917586703987,0.0439222539708289,0.0870067935336906,0.000238243019541015,0.582421968113673,0.0177731435545398,-0.0281239806580857,-0.254884633061617,-0.140985425744598,-0.0948354137396604,-0.147444664587848,0.0787124758161256,-0.179102418796072,-0.367210110556878,0.264987840274222,-0.11565831374358,-0.151936974237724,-0.123410603955998,-0.0292219204760368,0.202306013463419,-0.16295442624224,-0.0715405493333266,0.0243440581347716,0.0413562644737763,-0.0450032914669454,-0.327537933420025,-0.0866650337571783,0.0568091186008573,0.0417355013321934,-0.0874262744902712,0.947750996805348,-0.128527081541869,0.111935809864363,-0.259405110306019,-0.239335496360328,-0.131960286797978,0.578334712894977,-0.0144376278706527,0.313170775463371,0.0499295686944804,-0.138125566273032,-0.174409256498895,-0.0326355713681303,-0.303935486133671,0.978223543245462,0.0408448728102953,-0.0410597052522468,-0.258828064126178,0.0473876374042406,-0.142826448890183,0.139378248977871,0.101166015195974,0.0819022072436501,0.0654079736758479,0.0471686842706465,-0.0168407144722371,0.0871591957748529,0.974080295382136,0.797425367146942,-0.147957114140378,-0.160423159201929,-0.176712661867552,-0.165709965512782,-0.105865986319471,-0.105813664173518,-0.022083671488561,-0.112768982125033,0.096235822439183,0.17911593080378,0.0399479462396495,0.953054514152655,-0.108882972816792,0.0345329985934446,0.653714416128491,-0.0166763933092533,-0.291101369793725,-0.0683024884451479,-0.21477932970883,-0.290946647909038,-0.280964548943245,-0.106629317781733,0.0308921529103141
"326977",0.0715741801161153,-0.120972299886626,-0.16446445002555,0.129347286877209,-0.0678912683923801,1,-0.0406246193896054,-0.0492145893311402,0.0135419707267534,0.16856112627666,0.150210886475778,-0.0883222108227916,0.275592810695844,0.0865933356169139,-0.115041056097326,-0.162988183722893,0.0349773844048218,0.0442421941648825,-0.119284036184435,0.148995464117584,-0.0177988109327741,0.0623548508239914,0.252195463687797,-0.0287089267667597,0.131305331999273,-0.121587365901673,-0.0233891437156172,-0.0310477955326357,0.00640997827250693,0.0512253267278944,0.257256105319369,-0.0415458119959651,-0.0813422133504827,-0.161180752093787,0.198577102974137,0.113444007895506,0.0512449990929751,-0.00102094445703258,0.0523942481295988,-0.129364702132663,0.253386699309898,-0.159906389967655,-0.0147186107740629,-0.072984956338407,0.151793110493511,-0.0992364086437392,0.0148302305887506,-0.0301991165983644,-0.0526994666846458,-0.176555955756782,-0.0274894926952061,-0.0853787321242138,0.0653659912660677,-0.0183918111812835,0.0734377684290176,0.275398550629776,-0.0793828113228106,0.169779212902619,0.095137253444735,-0.14820833821992,-0.19280197433048,-0.0175965214258016,0.0125803820870539,-0.0894169685874408,-0.149318447922212,0.145162093068138,-0.0403659185371514,0.00229200484237351,0.187422962962938,-0.0263986864982614,0.25601010456952,-0.192696778337783,-0.0436948886834384,-0.0232290761250061,0.0199966331715788,-0.0716724588089742,0.244318774252794,0.2611059162555,-0.00973755616655848,0.0682060845212399,0.0395359695917127,-0.101558716192553,-0.17491019184658,-0.134781626093068,-0.031814898957709,0.0598959228875657,0.140728928318116,-0.16973207546531,0.298569350403931,-0.0946410632124263,-0.0754004991408287,0.12849695585708,0.123047416598459,0.195274746996865,-0.0701755954557822,-0.197701380017192,0.0511968579631159,-0.101035582178542,0.183014156059267,0.260174174428717,-0.0226897462037196,-0.0814775972223858,-0.0821155785083435,-0.155406758974286,-0.0717666278113053,-0.0554526175531778,0.0144029015307028,0.0703943521211038,0.0719439951061734,0.148539998544592,0.0563357167517902,-0.0144599853650043,-0.0143660610850633,-0.0373930189498122,0.0838740741114987,-0.0962767473918238,0.0671418772902246,-0.0436278984353326,-0.125138536501312,0.00412158359722012,0.00622435996044766,-0.032105332540209,0.174174210202879,0.0373152864879556,0.0824533019588443,0.218112446142378,-0.0896054456548941
"194648",0.0149042395175604,-0.0725303647147134,-0.00782792888457405,0.171862734390681,-0.145642856393014,-0.0406246193896054,1,-0.0141987010527994,0.11015258798788,0.086012439944923,0.147982798905054,-0.207796015512228,0.0391799501976826,0.202456226169732,-0.0761002246596601,-0.201369783438232,0.0581392010220482,0.0867076375788235,-0.104041983423496,0.0802144983504242,-0.0366960422039959,0.0248226602318488,0.137468187912914,0.161185080698673,0.0795150596029571,0.132305284941787,0.0115847257678456,0.0360339999864387,-0.0570732687770575,0.210192975407113,0.150146840959896,-0.0706806121465017,-0.0552014682966192,-0.143206767409197,0.0521558571526093,-0.0649234224819754,-0.0218701746316705,0.102196975343475,0.263038873486965,0.00583420719547543,0.0664932584058937,-0.102616101413768,-0.0500559331479497,-0.145717855913291,0.0256832812307105,-0.172616691113298,0.10314354650148,0.0432149476289887,-0.0351285242248781,-0.179495991042243,-0.0441168673805732,-0.037606682196516,0.14104947613048,-0.0360501378507815,-0.00457912389743827,0.19533892130783,-0.171445764403509,-0.0651307366075038,0.178082269616078,-0.139745946436963,0.122318430047435,-0.038459345518805,0.106468802674837,-0.0451561492975129,-0.100477909655737,0.112358365827005,-0.0943995685289337,-0.0978776337872414,0.00240220038124858,0.162991338380614,0.129199796805906,-0.0127751799978578,-0.0768210404271479,-0.0136415206427423,-0.136738867855552,-0.139889053017177,0.232325212760667,-0.102772316254724,0.0484307297159694,0.0503132094226359,0.0252830316901709,-0.205032996423132,0.0101145233381163,-0.19344238894817,-0.00145385773059667,0.0435550735326509,0.168942932002998,0.123274511441995,0.0895996821291351,-0.154644073366642,0.118564665031494,0.243539997771941,0.170643370497147,0.0621468717722725,-0.0655800721749736,0.0917694091020878,0.0481457106993251,-0.206836036557437,0.0971258425732034,0.123599014286945,-0.0187415593245795,-0.0918966396463749,-0.123149060906126,-0.231323915737994,-0.131557649330779,0.0785050494438929,0.178831265972385,0.0787098293827759,0.0338848706272845,0.111615981373201,0.0631444423239305,-0.0399531810573203,-0.0105278818668274,0.0862427472098557,0.00878012682947473,-0.153993388964859,0.0511647911299887,-0.0918222670709084,-0.211493185487106,-0.0348163809037225,0.106730258380662,-0.167749371954385,0.248489461442222,0.0956191251286029,0.090541622018134,0.220359648675573,0.0318086161848757
"28186",-0.142875195996457,-0.00145095680388601,0.163814607339103,-0.106982251130605,0.222154317017209,-0.0492145893311402,-0.0141987010527994,1,-0.046060016492552,-0.0624565896233094,0.0198988282807137,0.29047832505251,-0.153077343514362,-0.0578792648265827,-0.0652696846802123,0.244571221269403,-0.0307272753962417,-0.0837224727672958,0.28489155587946,-0.0298669905443123,0.0209430499768701,-0.153275343766434,-0.124780540474054,-0.147866715531978,-0.0636381809348141,0.0447971967160771,-0.0284990181685598,-0.192306229281539,0.147568058322663,-0.067264390217343,-0.0171493358878198,-0.12763957414341,0.0276478263883074,0.280095661005483,-0.00611235307988974,-0.126949948135054,-0.045843674444366,0.123665642834483,-0.00882510672497579,0.13132230241756,-0.18803996526021,-0.0770692590890612,-0.198810568060122,0.246649077324983,-0.135992959081374,0.249956714447432,-0.0715937685419029,-0.0162631249387477,-0.170534882299759,0.25863363468131,-0.00314390781369652,-0.156497909087018,-0.210753130498143,-0.108294736156601,0.0181109020203099,-0.0980540939867835,-0.143374683960759,-0.0295641891735297,-0.123452650078482,0.24664787250895,-0.048283164604389,-0.122863694401041,0.07464066359507,-0.181494853560463,0.270084639052367,-0.159236684323287,-0.129832478481432,0.0689002123648829,0.0407842185988093,0.0485792517498575,-0.183806961558269,-0.00363186728222878,-0.0873141093266747,0.127980291789045,-0.050719929837242,0.256534212938059,-0.139219897954284,-0.00606904625071528,-0.169891379293405,-0.168800296113546,-0.158683786649413,0.32909770945162,0.0367727517078012,0.109081421286426,-0.0521437459065854,-0.0808798926285753,-0.0750981371938633,-0.00368736906008523,-0.107281060891875,0.234055571327623,0.0214245184457319,-0.0120374365945803,-0.111481845925157,0.160235660795745,-0.171483265516037,0.0569352830942392,0.00895796844689828,0.0725928299643977,0.0226570940178579,0.0193304717665929,-0.038097348615067,-0.0092377587732395,0.280265073674999,0.242691996461342,-0.0463650334274397,-0.110656906062136,-0.00542183843361037,-0.0713646406125711,-0.189861023811919,-0.070651319059744,-0.0182201978055812,-0.0928385247045593,-0.0359328217890013,0.0831418143622492,0.00505937228912417,0.269728574012472,-0.0175946530637769,0.0296268127184581,0.288559348012847,-0.0176746473760006,-0.08224028954906,-0.162390718973144,-0.0926873283080594,-0.0150965463696141,-0.141749229096796,-0.0823291454304204,0.0812713807525354
"541301",-0.0567419611319864,-0.0104840126336579,-0.0122721875690403,-0.0342800620920536,-0.0382625534254805,0.0135419707267534,0.11015258798788,-0.046060016492552,1,-0.09066901509801,-0.0117901196945679,-0.0313517798075369,-0.0471793356399885,0.0151392301254413,0.00862151994689255,-0.0463882397865755,-0.11545127408909,-0.0297132083901675,-0.0485517027268599,0.0308135605210273,0.131410994449866,-0.104916512500142,-0.0647795109025911,-0.0462208160659743,0.0217710792621593,0.0405083820005036,0.208829521804707,-0.133649204407435,0.0477642653971449,-0.0393137066449258,-0.0296831003839945,0.0538650226236309,0.00794751478402043,-0.0207950333162108,-0.0634768203572485,0.138501112289197,-0.0397351953486999,0.0302888123625062,-0.0193975132645235,0.0915399518818759,-0.0649393153948579,0.0531996840768377,-0.0485182117286049,-0.0313155994891873,-0.0807227399200028,-0.0567879614009792,-0.00690903762332307,0.0766893556108894,0.0965056324776537,-0.0522863547078291,0.104551734314118,0.19294687759893,-0.0211409177952359,0.153261506144624,-0.00201127289780556,-0.0515456945594988,0.104789531207083,-0.0626981877862024,-0.0341239805258938,0.00304648218263895,-0.0589736580822169,0.109225533730729,-0.00222118423500765,0.0795348007914864,0.0059123869181967,-0.202574868725409,0.190597945203175,-0.0478120146624873,-0.0367451220820517,0.117795453377437,-0.0745451777550811,-0.0602859647072647,0.0625887451341161,-0.00772296865080864,0.0488945761420898,-0.027896619896505,-0.0630639772132236,-0.145386066176313,-0.105145873749226,-0.000982572861288685,-0.0410108312680263,-0.0497060201040912,-0.0015117657473727,-0.00970575834076915,0.010788865521894,-0.0656400300865146,-0.0498999295241176,0.0694604960952109,-0.086917260007139,-0.044814015114234,-0.0922660547799043,-0.0453469846048682,-0.0215199792494221,0.116462991495442,0.0300268420107073,0.0558135838256419,0.0382933427036196,0.020704070457945,0.109585234398297,0.081302398326505,0.0114936912393201,0.0617425481189526,-0.0164545571913741,-0.0646117561373862,0.132011271284637,-0.0992054235799747,0.0415539357471359,0.0476671280512912,-0.105414606790546,-0.0610315860500171,0.00969346133203304,-0.0220248785988728,-0.11060019631831,0.0230059739136702,0.0263737265511751,-0.0244127093814814,0.0358684167649882,0.138643942606077,-0.0924405800841906,0.147355809803559,-0.0122298504468138,0.00475716022543875,0.0802170992861731,-0.0981998587091374,-0.177296125372621,0.0675741347758686,-0.056022196370313
"198941",0.0278520363082334,-0.132627867026971,-0.0183388823210289,0.0925459255908183,-0.202096923904575,0.16856112627666,0.086012439944923,-0.0624565896233094,-0.09066901509801,1,0.0676788466471555,-0.0975825681430702,0.228617390997755,0.189582660594018,-0.121574992491311,-0.153551633089997,0.04293157463235,0.0270437426031008,-0.0329332393694328,0.314377216985691,-0.00257609992854794,0.214451231740661,0.204697540776372,0.110874404053646,0.107445937288965,-0.0176336826434592,-0.11415683723964,0.0388724022671447,-0.110782660414863,0.132361713649134,0.154135768223473,-0.0646017747526503,-0.127261068856537,-0.0815777333233547,0.185323018541047,-0.0328108738139613,0.0105857945094156,-0.0961023026112695,0.136598860909533,0.0158210169765256,0.234952444681603,-0.121842552571597,0.0822999234338643,-0.173540515665589,0.133622207999685,-0.241368206718754,0.0401994638403414,-0.0655638387360325,-0.0172843263574673,-0.164977135805309,0.0303777897072847,0.00995329224739128,0.139254703778245,0.0673349293203372,0.032355890501268,0.0658213007213909,0.00376211036390339,0.105109639612934,0.149999701821144,-0.1107146263058,0.0103124975698584,-0.0201880054911619,0.028032111383586,-0.0041578340977637,-0.106022476417468,0.187517109543657,-0.0317377039556346,-0.0540918729138025,-0.0226051686498413,0.0578103909555281,0.234914876920049,0.0947760413518199,-0.0540565959517904,-0.124299843958716,-0.0402439390695055,-0.180455837586227,0.180432936603976,0.00967554456872335,0.103799525753907,0.141677665308646,0.0945061902154054,-0.192056271363799,0.0143410465368222,-0.0638462086277602,0.046325200216959,0.162355641161023,0.0675683918583628,-0.00707013449920506,0.215760608480445,-0.215234148751566,-0.0955150076713925,0.0221547418207977,0.106641500101207,0.0820043674130324,-0.0683656165381195,-0.0578226359570525,-0.0414945727900414,-0.145546270177666,-0.0513046580022108,0.0746085408396024,-0.0528207982119723,-0.144085403516673,-0.171282467713603,-0.208963746905117,-0.0782120818944551,0.004988016581119,-0.0172275888090402,0.076694591105762,0.0237082234171142,0.103662902478534,0.0212233323856934,0.024066821914836,-0.139638834965774,-0.148462854614014,0.0192229358680425,-0.19322540330271,-0.0193738212152478,0.118610845891843,-0.16420769622355,-0.13067762928717,0.184295168016369,0.0332295091624152,0.11269171144224,0.155462601870026,0.195562218343009,0.0805953064636842,0.00908538361189099
"182054",0.014471330236642,-0.10332229753176,0.0395329251305466,0.132769909239466,-0.11969539785414,0.150210886475778,0.147982798905054,0.0198988282807137,-0.0117901196945679,0.0676788466471555,1,-0.132694686808213,0.124406852671112,0.186353611916429,-0.0941173681016953,-0.150321509896431,0.0998735287313451,0.0980485590539531,-0.0493022290195206,0.0634719176188189,-0.0991080378203438,0.136964430647802,0.230991353562027,-0.064330834581834,0.0878515742992712,0.0595600484389639,-0.111524894599072,-0.0646534867551144,0.108755072393446,0.180388228994209,0.271342075817215,-0.203076247447658,-0.100001268863596,-0.188270693108756,0.0320181274350067,-0.108930021395368,0.148714589471578,0.125900267523783,0.208728163334336,-0.025069808974539,0.114851654125506,-0.176137332038988,-0.120737022900248,-0.0911504815749742,0.0423580504773876,-0.168752754828147,0.0636780213660866,-0.0091458754706334,-0.191808614314157,-0.204606405433441,-0.035413873768724,-0.1159974698146,0.0873736402037112,-0.116843471091416,0.0484828650620733,0.225578240070048,-0.272428087735787,0.0427877336332715,0.0244379539348426,-0.169264243727979,0.0286234941047471,-0.131819032037239,0.115456105837376,-0.0800797268309479,-0.154883586901893,0.0259792609249236,-0.1187809835624,-0.0690119128958003,0.0906395820277735,0.0970813368829713,0.104836876564044,0.0160486628110535,-0.133463705633063,0.0604223268724867,-0.0819752972295275,-0.0965322704938184,0.226088800468924,0.0305925186222876,0.0840825694926672,-0.00678420870776036,0.0533265438476028,-0.139778191797173,-0.125553803659856,-0.0123848751182747,-0.0385466905807631,-0.0399121000770305,0.580124070469915,0.0449450660428184,0.161381011365502,-0.13725685456592,0.110675876033674,0.261485905535489,0.2084670705803,0.14050128788892,-0.19396786424726,-0.0170203818610267,0.162709429908076,-0.0983513507776992,0.166973614973399,-0.016619030041235,-0.0680698800209256,0.018939139185163,-0.0722039802000987,-0.195657976393391,-0.0393655959289524,0.0686815900631034,0.123085309417324,0.17797700650293,-0.0627087928762658,0.487206127255651,-0.0602514102744139,-0.0870774552207247,0.0615301717199349,0.00130352912933948,0.0247351896339128,-0.126632119671577,0.202269762743875,-0.0667278492918709,-0.152063646978298,-0.0354916447601282,0.10959176223816,-0.237668385022236,0.195661057019804,0.141158351144516,0.00258104006420512,0.208716602506715,-0.0160042427938529
"9753",-0.20097934479221,-0.0129588575495236,0.0694352593285347,-0.201366897790752,0.372478637110806,-0.0883222108227916,-0.207796015512228,0.29047832505251,-0.0313517798075369,-0.0975825681430702,-0.132694686808213,1,-0.167615716022038,-0.216529507152085,-0.0257873287149893,0.594834866356024,-0.183712204862109,-0.161549251983265,0.538490410518998,-0.0890935305256985,0.0635467479701112,-0.250980757237656,-0.202357232116297,-0.19416156751462,-0.217606640350609,-0.144332569312704,-0.173572359612743,-0.192706680619568,0.0739825484990341,-0.221413329215198,0.0047484458761423,-0.181392350016782,-0.0511051960946208,0.731025628797827,-0.142649450317245,-0.203424431488607,-0.150597237588438,-0.0183382955427015,-0.118101673165082,-0.00590536691580215,-0.22634458305957,-0.021732163191654,-0.201354095410616,0.384510006525175,-0.224349282772697,0.360053523198706,-0.0929335131307888,-0.115619105790162,-0.113809689768391,0.667048123897378,0.0757460091363975,-0.0475261762058648,-0.16993791646375,-0.135606531047646,-0.148262592342323,-0.164755610517753,-0.0721812110934835,-0.0834480288555669,-0.272784317478297,0.720586594012335,-0.201606740940573,-0.200894685999745,-0.0748995905551661,-0.116711277760971,0.726992021939206,-0.121904508048372,-0.0842527590587233,0.0860421435759699,0.00887363230419271,-0.117581265909086,-0.30374322343352,-0.0630801910175076,-0.0132571524393838,-0.0602923147665478,-0.158479941455149,0.371816091687325,-0.170416165288027,0.01416177238281,-0.259521254797955,-0.151139123569255,-0.112679588166813,0.788280055178155,0.0286055356797857,0.330979154646,-0.135987765074075,-0.115110044032863,-0.194401130672853,-0.111673625345267,-0.240272443276809,0.374478607330796,-0.107893822089906,-0.124590285644839,-0.213180104720964,0.108097794730216,-0.263450634122564,0.0269356306766852,-0.0288218765797228,0.038177990694991,0.127652498525421,0.0141577816269156,0.0236121632760822,0.0367014873996629,0.411731477453477,0.585053249072953,-0.0741524766105287,-0.244365623884748,-0.122235047250394,-0.131578216123551,-0.16441701106182,-0.136781956740189,-0.0656803834498829,-0.168565225341769,-0.00629677121552397,-0.00567813531041149,-0.0478532763278053,0.389775703093338,-0.137834463299347,-0.0242695960233771,0.693836275369574,-0.0985635532495668,-0.219068830258291,-0.183131627729474,-0.170688019983849,-0.181924673783027,-0.270657214055708,-0.0933645966840427,-0.0540054929347837
"188518",0.167496586089096,-0.148967383987394,-0.157292933149806,0.222960626416285,-0.310943979377828,0.275592810695844,0.0391799501976826,-0.153077343514362,-0.0471793356399885,0.228617390997755,0.124406852671111,-0.167615716022038,1,0.184950081254153,-0.12001493928206,-0.28796716413279,0.0341080592652046,0.0694753720064602,-0.178411428181743,0.167824078273599,-0.0566050585305411,0.307323591596282,0.367092116796911,0.0169539128125394,0.180796743890466,-0.120298593200587,-0.0626494228504974,0.0401266355626255,-0.0941017792433237,0.140636446887666,0.145479500672479,-0.0307998004413547,-0.163290154054592,-0.162776347179615,0.241761449296732,-0.0347256334056556,-0.0264651441344687,-0.108613785383424,0.093247611715674,-0.0759123625628579,0.842727349488447,-0.136246484007609,0.0709286148957609,-0.293144229791929,0.36073007830569,-0.334569844068507,-0.0213839893599691,-0.135406621665202,-0.00306573255766537,-0.258001286038971,-0.00680386292079729,-0.029775090259094,0.213932462506543,0.0416164229461573,0.171823392798539,0.107861327914386,-0.141713764604124,0.145628086592435,0.170376924247838,-0.173374943290953,-0.0654731680802731,-0.0261069738081538,0.0199102096452587,-0.0781189771566914,-0.112854126903964,0.226972782560403,-0.00307683967989036,-0.0764031129123872,0.138969575312047,-0.0771149716910116,0.69881663873733,-0.0227530131457853,-0.0725380512522399,-0.135883078376366,0.0423167559241109,-0.287585499533076,0.208546470060796,0.0983746249971889,0.180483964683056,0.283112375286264,0.185910466031513,-0.272348088856142,-0.0486903841577888,-0.159684976887362,-0.033641341070503,0.103411813110985,0.112103208666576,-0.0842074753905009,0.738147608675939,-0.338706334891027,-0.192441617257442,0.0495760554609162,0.171406728418477,0.0464560858802264,-0.0316258026855183,-0.255239994469482,0.023786461850923,-0.0507805528121872,0.0113211431616401,0.0361381147262232,-0.0137127501960781,-0.0593692475458219,-0.281652922366324,-0.326785729805607,-0.0439084490792014,0.139053284888226,0.0610086376271197,0.0935551077234048,0.0493981660641177,0.055599896083287,0.0758993064998174,0.00617540170615377,-0.0401315325268505,-0.123011288135924,0.092407873004628,-0.311727640970703,0.0425041275367795,-0.0809511526244401,-0.246195977288616,-0.0233855187095634,0.186254205327638,-0.0345989460882086,0.14455969823466,0.143463790569389,0.23766916843146,0.133730101085997,-0.0760212207386458
"189396",0.0177482419693809,-0.0901634185772088,-0.131919448231469,0.384405151593967,-0.273594095886487,0.0865933356169139,0.202456226169732,-0.0578792648265827,0.0151392301254413,0.189582660594018,0.186353611916429,-0.216529507152085,0.184950081254154,1,-0.0879513162148825,-0.279434614727593,0.135083108395686,0.0529439630951414,-0.143204877484611,0.126832411398861,-0.0335161844887791,0.224628991270879,0.208332645997797,0.134035808165569,0.191330666152875,0.0286770784469348,0.0133501668426995,0.092086055491423,-0.107293923054271,0.24615387514768,0.151254665964883,-0.0325782965028129,-0.0516070312573447,-0.278036931981027,0.179324819643333,-0.0596523609610563,0.217618557042267,-0.00613188623770723,0.266820411212422,-0.073510513273735,0.189406939271699,-0.0677014761569523,0.143319768752584,-0.274164610116502,0.0339615865557876,-0.323054907164764,0.132133692109418,-0.130280513114552,-0.008320320494441,-0.282472754976945,0.0142632602734067,-0.115307768211089,0.125661205763439,0.0926998152952218,0.0949795307967494,0.158479255289472,-0.061725975477126,-0.0504291558292166,0.198692407746534,-0.243372861377676,-0.0114275920323817,-0.0200427315442193,0.0644253686105654,-0.1334313396175,-0.235319279005009,0.246591345600141,0.0256441666455716,-0.118345936098207,0.100177808401341,0.0739667336962578,0.195110745284264,-0.025358335001348,-0.019868174601096,-0.025756500278753,-0.0195909730107582,-0.276034560194746,0.253781022664996,0.0695740600691915,0.230044527524591,0.0921111589760998,-0.00101880956931683,-0.307175342315112,-0.0449229792595624,-0.207282393601687,0.00483655804779953,0.121306240096491,0.192228515887836,0.0872319269826688,0.174108959618669,-0.285119874116169,-0.005852444178079,0.266965268140215,0.29999447764802,0.0990873877353489,-0.0261166238900363,-0.0538352628535326,0.0891361485825599,-0.0274913186038974,-0.0164609836913288,0.261611934114876,-0.0916916787657955,-0.10017991266138,-0.246326365318256,-0.302166184639876,-0.0898870667943728,0.0165631270972326,0.0414976300077636,0.223388925423128,0.111653376749687,0.0845568571477098,-0.0867772081661887,-0.00832773552357588,-0.111184187778265,-0.0756327810298805,-0.00834194397359433,-0.279235416137531,0.203777246294352,-0.0687916840056207,-0.273946111062793,0.0286882813256955,0.290034483032099,-0.0193097223955312,0.191886419012915,0.185249540377205,0.225031428527579,0.116223287769693,-0.0744042351096364
"90487",0.0354713322168297,0.911835461190991,0.0465635151446341,-0.103459852343766,-0.0926747980915072,-0.115041056097326,-0.0761002246596602,-0.0652696846802123,0.00862151994689255,-0.121574992491311,-0.0941173681016953,-0.0257873287149893,-0.12001493928206,-0.0879513162148825,1,-0.137969873000273,-0.0410065698821139,-0.0141715850342246,-0.0853077133335631,-0.00713300734416753,0.0395283650626745,-0.0546753767264089,-0.125716186623432,-0.190090022601977,-0.0665929467745608,0.0336117589823739,0.170451802976067,-0.0327312896348425,0.0864996501760254,-0.0927708720676492,-0.100264044335033,0.230125612793298,-0.0610531431750676,-0.00694579172508824,-0.112397539880464,0.0625589918191184,-0.128308091613908,0.101778252235687,-0.122664321794021,0.104818309866496,-0.0953384726129675,0.109947026848938,-0.169561541110187,-0.109598792517851,-0.0850647731806526,-0.165867880175904,-0.211041608875354,0.10954960422878,-0.0136716566366198,-0.0566657701872839,0.0670507636859427,0.162054626614361,-0.0372851316620312,0.138220757660856,-0.0538488033793641,-0.0377286152084034,0.093165460914163,-0.000953914804223498,-0.0608440377358821,-0.0326066217808257,0.0109898746003639,0.369204025273124,-0.0488672557999317,0.0466143574868581,0.00793449572102209,-0.135819615418794,0.218302712558901,0.609574789549251,-0.175120529755593,-0.0463606857929459,-0.149262364775237,-0.0434805621273762,0.179030961816567,0.100832762610672,0.244192461127358,-0.127508251181112,-0.115627555905825,-0.077630267222819,-0.00390426815375828,-0.0779494387493795,-0.123179627308642,-0.0938897881943201,0.136919816576111,0.125527390432926,-0.208828537541545,-0.188663955034189,-0.0466252073345405,-0.0428403464186605,-0.0771051227571902,-0.10406897373986,-0.0555799222017417,-0.126718660407723,-0.130445983900454,-0.0956684082110083,0.322952623197571,-0.0104737939886432,-0.054276831638648,0.125895230143358,-0.0388700752071037,-0.205327931449104,-0.0515335867845626,0.0490670085487931,-0.0858256818051908,-0.131417532133839,0.48394344186131,-0.00775563343469447,-0.027669464257733,-0.0541709201339754,-0.0747105919211602,0.00965449237562664,0.122529705481701,0.200063222890817,0.269479074627918,0.0528698186843906,-0.134309408012987,-0.152795346015235,-0.151005314142238,0.125471403594015,-0.0933606541131523,0.0976381796641661,-0.00723179032299771,0.0927999989906777,-0.0383914667088127,0.0373607893405696,-0.0346632979479435,-0.0530935734676418,0.0881539067026466
"246752",-0.256124054951484,-0.103087033512097,0.0776315800685477,-0.300515754360121,0.652891207622451,-0.162988183722893,-0.201369783438232,0.244571221269403,-0.0463882397865754,-0.153551633089997,-0.150321509896431,0.594834866356024,-0.28796716413279,-0.279434614727593,-0.137969873000273,1,-0.223369410727726,-0.174447479857777,0.477814057818667,-0.162358315101217,0.00466383472426264,-0.245594792485235,-0.173286119288311,-0.219488031740199,-0.286886004745066,-0.159709700557509,-0.16155454257226,-0.175971229046652,0.0788662685144058,-0.250373484007122,-0.052334911460207,-0.209723807489905,-0.0330629967571901,0.540801907513404,-0.224044852639911,-0.151266848666896,-0.140472442901834,0.0211815130759989,-0.289393177789263,0.0408890068281818,-0.361937829159752,-0.0324353082506388,-0.174894234646555,0.654825982711684,-0.274354536303844,0.649787124041992,-0.082268193041151,-0.0759623856699319,-0.111191654878917,0.624956973960529,0.0810583418566637,-0.0466186707798698,-0.150653319083029,-0.183270763912859,-0.112809719326295,-0.236752743181348,-0.0443162359122489,-0.144542573920228,-0.330109119171753,0.548987035884885,-0.162091802244637,-0.258251945953103,-0.0863558169037318,-0.128327933888429,0.498255441061015,-0.201773359851826,-0.119559701776599,0.00510587291133038,0.0071603772058558,-0.0517293212127951,-0.391868438735714,-0.0557527410898047,-0.0386679309832538,-0.0370401626762814,-0.150926598926097,0.640946227466649,-0.210156025952093,0.0066216930131993,-0.205823957689024,-0.154024547593546,-0.20453773745292,0.667186671328842,0.0640708361920034,0.40651383161912,-0.0747636995227412,-0.178014223863601,-0.209460704247183,-0.107321681166972,-0.345764348635317,0.630309791078631,-0.065258770964617,-0.117089002619159,-0.266518400090422,0.0431050478650015,-0.231854709447021,0.127451159220699,-0.0269781080098474,0.0920625774690073,0.148464838385378,-0.0321019039451862,-0.00477396786536167,0.104870283500005,0.66048302069642,0.732686832419684,-0.157607335153758,-0.231751581992915,-0.141468818630574,-0.132208911997439,-0.184159989249372,-0.161717667504753,-0.0599050097926187,-0.206952705690973,0.0873049926749766,0.0229721760890185,-0.0567278364784612,0.655077172362986,-0.082691630178281,-0.0743541882950886,0.687181367634696,-0.0612494590554448,-0.261101172092764,-0.205788461905621,-0.187817882014098,-0.172310232408787,-0.310083312233619,-0.10595481593652,-0.0542568752823041
